INSERT INTO ProductSellPrice (barcode, shop_id, start, sellPrice) VALUES
	(1,1,2021-01-01,62.5),
	(2,1,2021-01-01,62.5),
	(3,1,2021-01-01,1107.5),
	(4,1,2021-01-01,875),
	(5,1,2021-01-01,294.14),
	(6,1,2021-01-01,62.5),
	(7,1,2021-01-01,398.75),
	(8,1,2021-01-01,62.5),
	(9,1,2021-01-01,62.5),
	(10,1,2021-01-01,995.25),
	(11,1,2021-01-01,62.5),
	(12,1,2021-01-01,74.29),
	(13,1,2021-01-01,178.75),
	(14,1,2021-01-01,663.75),
	(15,1,2021-01-01,1152.5),
	(16,1,2021-01-01,525),
	(17,1,2021-01-01,333.75),
	(18,1,2021-01-01,800.55),
	(19,1,2021-01-01,62.5),
	(20,1,2021-01-01,62.5),
	(21,1,2021-01-01,951.25),
	(22,1,2021-01-01,62.5),
	(23,1,2021-01-01,700.13),
	(24,1,2021-01-01,62.5),
	(25,1,2021-01-01,343.75),
	(26,1,2021-01-01,689.66),
	(27,1,2021-01-01,62.5),
	(28,1,2021-01-01,62.5),
	(29,1,2021-01-01,62.5),
	(30,1,2021-01-01,72.83),
	(31,1,2021-01-01,68.61),
	(32,1,2021-01-01,67.46),
	(33,1,2021-01-01,978.75),
	(34,1,2021-01-01,453.75),
	(35,1,2021-01-01,488.94),
	(36,1,2021-01-01,62.5),
	(37,1,2021-01-01,1027.5),
	(38,1,2021-01-01,68.61),
	(39,1,2021-01-01,66.24),
	(40,1,2021-01-01,72.8),
	(41,1,2021-01-01,177.5),
	(42,1,2021-01-01,426.79),
	(43,1,2021-01-01,629.06),
	(44,1,2021-01-01,763.35),
	(45,1,2021-01-01,597.5),
	(46,1,2021-01-01,67.23),
	(47,1,2021-01-01,1119.55),
	(48,1,2021-01-01,273.3),
	(49,1,2021-01-01,62.5),
	(50,1,2021-01-01,74.95),
	(51,1,2021-01-01,643.75),
	(52,1,2021-01-01,62.5),
	(53,1,2021-01-01,66.26),
	(54,1,2021-01-01,620.44),
	(55,1,2021-01-01,555),
	(56,1,2021-01-01,65.24),
	(57,1,2021-01-01,64.75),
	(58,1,2021-01-01,62.5),
	(59,1,2021-01-01,65.88),
	(60,1,2021-01-01,62.5),
	(61,1,2021-01-01,145.74),
	(62,1,2021-01-01,62.5),
	(63,1,2021-01-01,914.23),
	(64,1,2021-01-01,72.88),
	(65,1,2021-01-01,66.68),
	(66,1,2021-01-01,222.89),
	(67,1,2021-01-01,1091.1),
	(68,1,2021-01-01,424.49),
	(69,1,2021-01-01,62.5),
	(70,1,2021-01-01,190.48),
	(71,1,2021-01-01,897.08),
	(72,1,2021-01-01,62.5),
	(73,1,2021-01-01,62.5),
	(74,1,2021-01-01,811.06),
	(75,1,2021-01-01,62.5),
	(76,1,2021-01-01,228.75),
	(77,1,2021-01-01,67.83),
	(78,1,2021-01-01,616.25),
	(79,1,2021-01-01,676.25),
	(80,1,2021-01-01,62.5),
	(81,1,2021-01-01,68.36),
	(82,1,2021-01-01,70.96),
	(83,1,2021-01-01,200.08),
	(84,1,2021-01-01,971.78),
	(85,1,2021-01-01,62.5),
	(86,1,2021-01-01,1307.59),
	(87,1,2021-01-01,65.56),
	(88,1,2021-01-01,95),
	(89,1,2021-01-01,330),
	(90,1,2021-01-01,1197.5),
	(91,1,2021-01-01,160),
	(92,1,2021-01-01,351.25),
	(93,1,2021-01-01,593.95),
	(94,1,2021-01-01,62.5),
	(95,1,2021-01-01,62.5),
	(96,1,2021-01-01,571.25),
	(97,1,2021-01-01,91.39),
	(98,1,2021-01-01,74.04),
	(99,1,2021-01-01,544.44),
	(100,1,2021-01-01,562.26),
	(101,1,2021-01-01,62.5),
	(102,1,2021-01-01,713.11),
	(103,1,2021-01-01,62.5),
	(104,1,2021-01-01,1075),
	(105,1,2021-01-01,62.5),
	(106,1,2021-01-01,280),
	(107,1,2021-01-01,62.5),
	(108,1,2021-01-01,860.78),
	(109,1,2021-01-01,62.5),
	(110,1,2021-01-01,65.4),
	(111,1,2021-01-01,62.5),
	(112,1,2021-01-01,170.55),
	(113,1,2021-01-01,1153.75),
	(114,1,2021-01-01,69.54),
	(115,1,2021-01-01,62.5),
	(116,1,2021-01-01,69.21),
	(117,1,2021-01-01,65.54),
	(118,1,2021-01-01,66.95),
	(119,1,2021-01-01,1110.04),
	(120,1,2021-01-01,62.5),
	(121,1,2021-01-01,561.25),
	(122,1,2021-01-01,400),
	(123,1,2021-01-01,66.44),
	(124,1,2021-01-01,62.5),
	(125,1,2021-01-01,62.5),
	(126,1,2021-01-01,66.95),
	(127,1,2021-01-01,115.79),
	(128,1,2021-01-01,62.5),
	(129,1,2021-01-01,78.75),
	(130,1,2021-01-01,903.15),
	(131,1,2021-01-01,442.5),
	(132,1,2021-01-01,65.23),
	(133,1,2021-01-01,1162.5),
	(134,1,2021-01-01,236.78),
	(135,1,2021-01-01,328.75),
	(136,1,2021-01-01,62.5),
	(137,1,2021-01-01,66.28),
	(138,1,2021-01-01,628.75),
	(139,1,2021-01-01,859.34),
	(140,1,2021-01-01,62.5),
	(141,1,2021-01-01,69.81),
	(142,1,2021-01-01,62.5),
	(143,1,2021-01-01,62.5),
	(144,1,2021-01-01,62.5),
	(145,1,2021-01-01,62.5),
	(146,1,2021-01-01,70.1),
	(147,1,2021-01-01,62.5),
	(148,1,2021-01-01,73.08),
	(149,1,2021-01-01,685),
	(150,1,2021-01-01,62.5),
	(151,1,2021-01-01,346.36),
	(152,1,2021-01-01,62.5),
	(153,1,2021-01-01,511.74),
	(154,1,2021-01-01,62.5),
	(155,1,2021-01-01,1191.23),
	(156,1,2021-01-01,419.3),
	(157,1,2021-01-01,500),
	(158,1,2021-01-01,70.73),
	(159,1,2021-01-01,285),
	(160,1,2021-01-01,70.7),
	(161,1,2021-01-01,71.63),
	(162,1,2021-01-01,1103.75),
	(163,1,2021-01-01,62.5),
	(164,1,2021-01-01,62.5),
	(165,1,2021-01-01,74.98),
	(166,1,2021-01-01,369.63),
	(167,1,2021-01-01,641.38),
	(168,1,2021-01-01,983.75),
	(169,1,2021-01-01,96.66),
	(170,1,2021-01-01,1181.25),
	(171,1,2021-01-01,1172.5),
	(172,1,2021-01-01,833.76),
	(173,1,2021-01-01,823.7),
	(174,1,2021-01-01,665),
	(175,1,2021-01-01,908.75),
	(176,1,2021-01-01,320.59),
	(177,1,2021-01-01,62.5),
	(178,1,2021-01-01,62.5),
	(179,1,2021-01-01,583.63),
	(180,1,2021-01-01,1281.54),
	(181,1,2021-01-01,825),
	(182,1,2021-01-01,70.1),
	(183,1,2021-01-01,342.55),
	(184,1,2021-01-01,898.75),
	(185,1,2021-01-01,72.86),
	(186,1,2021-01-01,68.56),
	(187,1,2021-01-01,93.48),
	(188,1,2021-01-01,69.83),
	(189,1,2021-01-01,68.46),
	(190,1,2021-01-01,62.5),
	(191,1,2021-01-01,71.43),
	(192,1,2021-01-01,62.5),
	(193,1,2021-01-01,62.5),
	(194,1,2021-01-01,62.5),
	(195,1,2021-01-01,997.5),
	(196,1,2021-01-01,62.5),
	(197,1,2021-01-01,870.68),
	(198,1,2021-01-01,140.2),
	(199,1,2021-01-01,1230),
	(200,1,2021-01-01,62.5),
	(201,1,2021-01-01,62.5),
	(202,1,2021-01-01,62.5),
	(203,1,2021-01-01,62.5),
	(204,1,2021-01-01,62.5),
	(205,1,2021-01-01,62.5),
	(206,1,2021-01-01,62.5),
	(207,1,2021-01-01,62.5),
	(208,1,2021-01-01,357.5),
	(209,1,2021-01-01,387.5),
	(210,1,2021-01-01,62.5),
	(211,1,2021-01-01,237.39),
	(212,1,2021-01-01,567.43),
	(213,1,2021-01-01,62.5),
	(214,1,2021-01-01,683.75),
	(215,1,2021-01-01,897.5),
	(216,1,2021-01-01,71.76),
	(217,1,2021-01-01,1090),
	(218,1,2021-01-01,169.54),
	(219,1,2021-01-01,485),
	(220,1,2021-01-01,590),
	(221,1,2021-01-01,62.5),
	(222,1,2021-01-01,62.5),
	(223,1,2021-01-01,791.25),
	(224,1,2021-01-01,1277.5),
	(225,1,2021-01-01,505),
	(226,1,2021-01-01,1226.25),
	(227,1,2021-01-01,62.5),
	(228,1,2021-01-01,73.74),
	(229,1,2021-01-01,1166.25),
	(230,1,2021-01-01,74.09),
	(231,1,2021-01-01,313.75),
	(232,1,2021-01-01,773.31),
	(233,1,2021-01-01,1166.13),
	(234,1,2021-01-01,1239.94),
	(235,1,2021-01-01,69.89),
	(236,1,2021-01-01,71.28),
	(237,1,2021-01-01,631.68),
	(238,1,2021-01-01,67.68),
	(239,1,2021-01-01,839.98),
	(240,1,2021-01-01,62.5),
	(241,1,2021-01-01,72.48),
	(242,1,2021-01-01,1205),
	(243,1,2021-01-01,62.5),
	(244,1,2021-01-01,486.29),
	(245,1,2021-01-01,67.69),
	(246,1,2021-01-01,1210),
	(247,1,2021-01-01,1305.8),
	(248,1,2021-01-01,291.25),
	(249,1,2021-01-01,62.5),
	(250,1,2021-01-01,1261.25),
	(251,1,2021-01-01,302.36),
	(252,1,2021-01-01,1162.5),
	(253,1,2021-01-01,71.48),
	(254,1,2021-01-01,827.9),
	(255,1,2021-01-01,62.5),
	(256,1,2021-01-01,1227.49),
	(257,1,2021-01-01,62.5),
	(258,1,2021-01-01,350),
	(259,1,2021-01-01,65.93),
	(260,1,2021-01-01,72.88),
	(261,1,2021-01-01,74.69),
	(262,1,2021-01-01,1256.25),
	(263,1,2021-01-01,72.09),
	(264,1,2021-01-01,149.79),
	(265,1,2021-01-01,316.18),
	(266,1,2021-01-01,62.5),
	(267,1,2021-01-01,927.5),
	(268,1,2021-01-01,62.5),
	(269,1,2021-01-01,1005.29),
	(270,1,2021-01-01,66),
	(271,1,2021-01-01,69.46),
	(272,1,2021-01-01,793.75),
	(273,1,2021-01-01,545.88),
	(274,1,2021-01-01,66.11),
	(275,1,2021-01-01,796.78),
	(276,1,2021-01-01,73.39),
	(277,1,2021-01-01,1138.75),
	(278,1,2021-01-01,496.46),
	(279,1,2021-01-01,406.25),
	(280,1,2021-01-01,74.58),
	(281,1,2021-01-01,320),
	(282,1,2021-01-01,67.41),
	(283,1,2021-01-01,1199.33),
	(284,1,2021-01-01,341.73),
	(285,1,2021-01-01,397.6),
	(286,1,2021-01-01,1198.85),
	(287,1,2021-01-01,62.5),
	(288,1,2021-01-01,66.15),
	(289,1,2021-01-01,66.98),
	(290,1,2021-01-01,932.5),
	(291,1,2021-01-01,71.75),
	(292,1,2021-01-01,539.68),
	(293,1,2021-01-01,62.5),
	(294,1,2021-01-01,110.51),
	(295,1,2021-01-01,326.25),
	(296,1,2021-01-01,632.88),
	(297,1,2021-01-01,68.1),
	(298,1,2021-01-01,85.24),
	(299,1,2021-01-01,62.5),
	(300,1,2021-01-01,62.5),
	(301,1,2021-01-01,62.5),
	(302,1,2021-01-01,62.5),
	(303,1,2021-01-01,62.5),
	(304,1,2021-01-01,62.5),
	(305,1,2021-01-01,253.75),
	(306,1,2021-01-01,1172.79),
	(307,1,2021-01-01,66.96),
	(308,1,2021-01-01,108.34),
	(309,1,2021-01-01,569.73),
	(310,1,2021-01-01,773.75),
	(311,1,2021-01-01,1066.25),
	(312,1,2021-01-01,1050.39),
	(313,1,2021-01-01,62.5),
	(314,1,2021-01-01,71.95),
	(315,1,2021-01-01,338.88),
	(316,1,2021-01-01,651.96),
	(317,1,2021-01-01,62.5),
	(318,1,2021-01-01,74.46),
	(319,1,2021-01-01,208.09),
	(320,1,2021-01-01,582.28),
	(321,1,2021-01-01,66.65),
	(322,1,2021-01-01,71.21),
	(323,1,2021-01-01,64.53),
	(324,1,2021-01-01,140.39),
	(325,1,2021-01-01,418.96),
	(326,1,2021-01-01,62.5),
	(327,1,2021-01-01,322.5),
	(328,1,2021-01-01,108.75),
	(329,1,2021-01-01,62.5),
	(330,1,2021-01-01,62.5),
	(331,1,2021-01-01,1054.84),
	(332,1,2021-01-01,64.45),
	(333,1,2021-01-01,126.25),
	(334,1,2021-01-01,643.75),
	(335,1,2021-01-01,920.06),
	(336,1,2021-01-01,443.75),
	(337,1,2021-01-01,417.26),
	(338,1,2021-01-01,1112.5),
	(339,1,2021-01-01,62.5),
	(340,1,2021-01-01,399.3),
	(341,1,2021-01-01,62.5),
	(342,1,2021-01-01,67.7),
	(343,1,2021-01-01,111.6),
	(344,1,2021-01-01,66.34),
	(345,1,2021-01-01,64.69),
	(346,1,2021-01-01,1112.21),
	(347,1,2021-01-01,848.66),
	(348,1,2021-01-01,62.5),
	(349,1,2021-01-01,66.88),
	(350,1,2021-01-01,948.75),
	(351,1,2021-01-01,73.61),
	(352,1,2021-01-01,62.5),
	(353,1,2021-01-01,955.1),
	(354,1,2021-01-01,566.79),
	(355,1,2021-01-01,773.75),
	(356,1,2021-01-01,812.66),
	(357,1,2021-01-01,1060.14),
	(358,1,2021-01-01,74.7),
	(359,1,2021-01-01,281.25),
	(360,1,2021-01-01,62.5),
	(361,1,2021-01-01,68.59),
	(362,1,2021-01-01,68.68),
	(363,1,2021-01-01,69.48),
	(364,1,2021-01-01,882.5),
	(365,1,2021-01-01,62.5),
	(366,1,2021-01-01,63.88),
	(367,1,2021-01-01,938.9),
	(368,1,2021-01-01,327.85),
	(369,1,2021-01-01,65.05),
	(370,1,2021-01-01,64.95),
	(371,1,2021-01-01,73.56),
	(372,1,2021-01-01,228.94),
	(373,1,2021-01-01,62.5),
	(374,1,2021-01-01,228.76),
	(375,1,2021-01-01,833.75),
	(376,1,2021-01-01,62.5),
	(377,1,2021-01-01,62.5),
	(378,1,2021-01-01,168.48),
	(379,1,2021-01-01,62.5),
	(380,1,2021-01-01,62.5),
	(381,1,2021-01-01,1112.5),
	(382,1,2021-01-01,62.5),
	(383,1,2021-01-01,485),
	(384,1,2021-01-01,1092.56),
	(385,1,2021-01-01,62.5),
	(386,1,2021-01-01,819.63),
	(387,1,2021-01-01,1067.5),
	(388,1,2021-01-01,137.5),
	(389,1,2021-01-01,62.5),
	(390,1,2021-01-01,67.23),
	(391,1,2021-01-01,922.96),
	(392,1,2021-01-01,74.8),
	(393,1,2021-01-01,1271.25),
	(394,1,2021-01-01,62.5),
	(395,1,2021-01-01,73.03),
	(396,1,2021-01-01,1252.85),
	(397,1,2021-01-01,1056.78),
	(398,1,2021-01-01,62.5),
	(399,1,2021-01-01,100.5),
	(400,1,2021-01-01,62.5),
	(401,1,2021-01-01,917.5),
	(402,1,2021-01-01,1190),
	(403,1,2021-01-01,898.75),
	(404,1,2021-01-01,66.78),
	(405,1,2021-01-01,718.75),
	(406,1,2021-01-01,216.25),
	(407,1,2021-01-01,62.5),
	(408,1,2021-01-01,62.5),
	(409,1,2021-01-01,882.5),
	(410,1,2021-01-01,69.29),
	(411,1,2021-01-01,213.75),
	(412,1,2021-01-01,62.5),
	(413,1,2021-01-01,198.75),
	(414,1,2021-01-01,65.98),
	(415,1,2021-01-01,984.01),
	(416,1,2021-01-01,1169.93),
	(417,1,2021-01-01,208.75),
	(418,1,2021-01-01,62.5),
	(419,1,2021-01-01,68.86),
	(420,1,2021-01-01,67.51),
	(421,1,2021-01-01,71.69),
	(422,1,2021-01-01,65.8),
	(423,1,2021-01-01,66.01),
	(424,1,2021-01-01,351.1),
	(425,1,2021-01-01,74.45),
	(426,1,2021-01-01,62.5),
	(427,1,2021-01-01,1096.26),
	(428,1,2021-01-01,62.5),
	(429,1,2021-01-01,62.5),
	(430,1,2021-01-01,62.5),
	(431,1,2021-01-01,466.25),
	(432,1,2021-01-01,280.08),
	(433,1,2021-01-01,62.5),
	(434,1,2021-01-01,1243.49),
	(435,1,2021-01-01,817.5),
	(436,1,2021-01-01,62.5),
	(437,1,2021-01-01,73.76),
	(438,1,2021-01-01,869.9),
	(439,1,2021-01-01,1274.31),
	(440,1,2021-01-01,881.25),
	(441,1,2021-01-01,1289.7),
	(442,1,2021-01-01,62.5),
	(443,1,2021-01-01,297.5),
	(444,1,2021-01-01,69.38),
	(445,1,2021-01-01,64.39),
	(446,1,2021-01-01,1125.21),
	(447,1,2021-01-01,62.5),
	(448,1,2021-01-01,734.69),
	(449,1,2021-01-01,889.81),
	(450,1,2021-01-01,966.25),
	(451,1,2021-01-01,121.25),
	(452,1,2021-01-01,235.28),
	(453,1,2021-01-01,531.25),
	(454,1,2021-01-01,65.63),
	(455,1,2021-01-01,575),
	(456,1,2021-01-01,73.25),
	(457,1,2021-01-01,64.89),
	(458,1,2021-01-01,168.26),
	(459,1,2021-01-01,615),
	(460,1,2021-01-01,1237.5),
	(461,1,2021-01-01,472.5),
	(462,1,2021-01-01,68.35),
	(463,1,2021-01-01,62.5),
	(464,1,2021-01-01,541.25),
	(465,1,2021-01-01,790),
	(466,1,2021-01-01,62.5),
	(467,1,2021-01-01,442.5),
	(468,1,2021-01-01,62.5),
	(469,1,2021-01-01,62.5),
	(470,1,2021-01-01,71.75),
	(471,1,2021-01-01,1119.06),
	(472,1,2021-01-01,62.5),
	(473,1,2021-01-01,62.5),
	(474,1,2021-01-01,344.59),
	(475,1,2021-01-01,972.18),
	(476,1,2021-01-01,62.5),
	(477,1,2021-01-01,450),
	(478,1,2021-01-01,69.31),
	(479,1,2021-01-01,66.19),
	(480,1,2021-01-01,1000),
	(481,1,2021-01-01,74.85),
	(482,1,2021-01-01,592.5),
	(483,1,2021-01-01,62.5),
	(484,1,2021-01-01,1220),
	(485,1,2021-01-01,68.28),
	(486,1,2021-01-01,62.5),
	(487,1,2021-01-01,312.5),
	(488,1,2021-01-01,62.5),
	(489,1,2021-01-01,62.5),
	(490,1,2021-01-01,62.5),
	(491,1,2021-01-01,62.5),
	(492,1,2021-01-01,761.25),
	(493,1,2021-01-01,67.68),
	(494,1,2021-01-01,62.5),
	(495,1,2021-01-01,62.5),
	(496,1,2021-01-01,540.14),
	(497,1,2021-01-01,62.5),
	(498,1,2021-01-01,1170.23),
	(499,1,2021-01-01,981.64),
	(500,1,2021-01-01,62.5),
	(501,1,2021-01-01,96.25),
	(502,1,2021-01-01,68.29),
	(503,1,2021-01-01,1102.75),
	(504,1,2021-01-01,531.25),
	(505,1,2021-01-01,62.5),
	(506,1,2021-01-01,68.33),
	(507,1,2021-01-01,62.5),
	(508,1,2021-01-01,62.5),
	(509,1,2021-01-01,810.14),
	(510,1,2021-01-01,1135.69),
	(511,1,2021-01-01,66.2),
	(512,1,2021-01-01,913.75),
	(513,1,2021-01-01,62.5),
	(514,1,2021-01-01,470.78),
	(515,1,2021-01-01,67.81),
	(516,1,2021-01-01,555),
	(517,1,2021-01-01,62.5),
	(518,1,2021-01-01,1276.25),
	(519,1,2021-01-01,62.5),
	(520,1,2021-01-01,62.5),
	(521,1,2021-01-01,62.5),
	(522,1,2021-01-01,500),
	(523,1,2021-01-01,1107.54),
	(524,1,2021-01-01,62.5),
	(525,1,2021-01-01,780.06),
	(526,1,2021-01-01,62.5),
	(527,1,2021-01-01,1053.75),
	(528,1,2021-01-01,62.5),
	(529,1,2021-01-01,69.26),
	(530,1,2021-01-01,996.25),
	(531,1,2021-01-01,69.96),
	(532,1,2021-01-01,66.94),
	(533,1,2021-01-01,548.75),
	(534,1,2021-01-01,468.75),
	(535,1,2021-01-01,71.4),
	(536,1,2021-01-01,62.5),
	(537,1,2021-01-01,62.5),
	(538,1,2021-01-01,631.26),
	(539,1,2021-01-01,65.81),
	(540,1,2021-01-01,62.5),
	(541,1,2021-01-01,70.03),
	(542,1,2021-01-01,1073.75),
	(543,1,2021-01-01,67.85),
	(544,1,2021-01-01,66.35),
	(545,1,2021-01-01,1180.03),
	(546,1,2021-01-01,988.25),
	(547,1,2021-01-01,1088.99),
	(548,1,2021-01-01,66.93),
	(549,1,2021-01-01,1108.75),
	(550,1,2021-01-01,367.5),
	(551,1,2021-01-01,62.5),
	(552,1,2021-01-01,126.39),
	(553,1,2021-01-01,69.68),
	(554,1,2021-01-01,1291.25),
	(555,1,2021-01-01,1148.75),
	(556,1,2021-01-01,62.5),
	(557,1,2021-01-01,148.66),
	(558,1,2021-01-01,70.41),
	(559,1,2021-01-01,65.34),
	(560,1,2021-01-01,275.06),
	(561,1,2021-01-01,1237.53),
	(562,1,2021-01-01,62.5),
	(563,1,2021-01-01,73.78),
	(564,1,2021-01-01,337.21),
	(565,1,2021-01-01,1224.89),
	(566,1,2021-01-01,72.24),
	(567,1,2021-01-01,64.25),
	(568,1,2021-01-01,981.25),
	(569,1,2021-01-01,233.99),
	(570,1,2021-01-01,427.5),
	(571,1,2021-01-01,766.25),
	(572,1,2021-01-01,574.11),
	(573,1,2021-01-01,520),
	(574,1,2021-01-01,62.5),
	(575,1,2021-01-01,669.89),
	(576,1,2021-01-01,72.98),
	(577,1,2021-01-01,62.5),
	(578,1,2021-01-01,966.25),
	(579,1,2021-01-01,442.5),
	(580,1,2021-01-01,62.5),
	(581,1,2021-01-01,69.49),
	(582,1,2021-01-01,1050),
	(583,1,2021-01-01,164.39),
	(584,1,2021-01-01,69.2),
	(585,1,2021-01-01,62.5),
	(586,1,2021-01-01,250.61),
	(587,1,2021-01-01,65.01),
	(588,1,2021-01-01,73.88),
	(589,1,2021-01-01,72.46),
	(590,1,2021-01-01,66.45),
	(591,1,2021-01-01,65.49),
	(592,1,2021-01-01,62.5),
	(593,1,2021-01-01,830),
	(594,1,2021-01-01,68.66),
	(595,1,2021-01-01,62.5),
	(596,1,2021-01-01,963.46),
	(597,1,2021-01-01,66.55),
	(598,1,2021-01-01,68.7),
	(599,1,2021-01-01,563.89),
	(600,1,2021-01-01,176.1),
	(601,1,2021-01-01,1242.18),
	(602,1,2021-01-01,62.5),
	(603,1,2021-01-01,70.8),
	(604,1,2021-01-01,1132.5),
	(605,1,2021-01-01,327.5),
	(606,1,2021-01-01,119.93),
	(607,1,2021-01-01,833.19),
	(608,1,2021-01-01,62.5),
	(609,1,2021-01-01,62.5),
	(610,1,2021-01-01,62.5),
	(611,1,2021-01-01,62.5),
	(612,1,2021-01-01,62.5),
	(613,1,2021-01-01,794.33),
	(614,1,2021-01-01,71.9),
	(615,1,2021-01-01,71.33),
	(616,1,2021-01-01,180.36),
	(617,1,2021-01-01,1284.86),
	(618,1,2021-01-01,62.5),
	(619,1,2021-01-01,203.78),
	(620,1,2021-01-01,67.98),
	(621,1,2021-01-01,62.5),
	(622,1,2021-01-01,1314.19),
	(623,1,2021-01-01,62.5),
	(624,1,2021-01-01,1157.04),
	(625,1,2021-01-01,63.96),
	(626,1,2021-01-01,275),
	(627,1,2021-01-01,71.05),
	(628,1,2021-01-01,770),
	(629,1,2021-01-01,62.5),
	(630,1,2021-01-01,62.5),
	(631,1,2021-01-01,62.5),
	(632,1,2021-01-01,1127.5),
	(633,1,2021-01-01,663.75),
	(634,1,2021-01-01,336.54),
	(635,1,2021-01-01,67.41),
	(636,1,2021-01-01,74.71),
	(637,1,2021-01-01,426.81),
	(638,1,2021-01-01,70.38),
	(639,1,2021-01-01,356.25),
	(640,1,2021-01-01,1258.75),
	(641,1,2021-01-01,62.5),
	(642,1,2021-01-01,62.5),
	(643,1,2021-01-01,698.11),
	(644,1,2021-01-01,1247.5),
	(645,1,2021-01-01,69.14),
	(646,1,2021-01-01,69.76),
	(647,1,2021-01-01,65.45),
	(648,1,2021-01-01,62.5),
	(649,1,2021-01-01,1132.65),
	(650,1,2021-01-01,195.46),
	(651,1,2021-01-01,1262.55),
	(652,1,2021-01-01,1260),
	(653,1,2021-01-01,430),
	(654,1,2021-01-01,941.45),
	(655,1,2021-01-01,669.83),
	(656,1,2021-01-01,625),
	(657,1,2021-01-01,596.54),
	(658,1,2021-01-01,665),
	(659,1,2021-01-01,960),
	(660,1,2021-01-01,481.25),
	(661,1,2021-01-01,62.5),
	(662,1,2021-01-01,853.75),
	(663,1,2021-01-01,191.25),
	(664,1,2021-01-01,62.5),
	(665,1,2021-01-01,70.24),
	(666,1,2021-01-01,62.5),
	(667,1,2021-01-01,241.55),
	(668,1,2021-01-01,1040.51),
	(669,1,2021-01-01,74.99),
	(670,1,2021-01-01,67),
	(671,1,2021-01-01,64.63),
	(672,1,2021-01-01,116.09),
	(673,1,2021-01-01,614.28),
	(674,1,2021-01-01,328.75),
	(675,1,2021-01-01,1197.5),
	(676,1,2021-01-01,62.5),
	(677,1,2021-01-01,239.39),
	(678,1,2021-01-01,421.34),
	(679,1,2021-01-01,583.75),
	(680,1,2021-01-01,62.5),
	(681,1,2021-01-01,1303.75),
	(682,1,2021-01-01,176.63),
	(683,1,2021-01-01,66.34),
	(684,1,2021-01-01,64.06),
	(685,1,2021-01-01,62.5),
	(686,1,2021-01-01,682.5),
	(687,1,2021-01-01,482.31),
	(688,1,2021-01-01,1194.81),
	(689,1,2021-01-01,1124.13),
	(690,1,2021-01-01,535),
	(691,1,2021-01-01,66.48),
	(692,1,2021-01-01,738.75),
	(693,1,2021-01-01,62.5),
	(694,1,2021-01-01,1036.25),
	(695,1,2021-01-01,316.01),
	(696,1,2021-01-01,701.25),
	(697,1,2021-01-01,62.5),
	(698,1,2021-01-01,200.74),
	(699,1,2021-01-01,750.11),
	(700,1,2021-01-01,1171.25),
	(701,1,2021-01-01,62.5),
	(702,1,2021-01-01,73.78),
	(703,1,2021-01-01,844.76),
	(704,1,2021-01-01,69.83),
	(705,1,2021-01-01,779.81),
	(706,1,2021-01-01,62.5),
	(707,1,2021-01-01,73.38),
	(708,1,2021-01-01,68.88),
	(709,1,2021-01-01,73.34),
	(710,1,2021-01-01,62.5),
	(711,1,2021-01-01,62.5),
	(712,1,2021-01-01,1113.68),
	(713,1,2021-01-01,73.11),
	(714,1,2021-01-01,71.03),
	(715,1,2021-01-01,1128.05),
	(716,1,2021-01-01,377.5),
	(717,1,2021-01-01,141.3),
	(718,1,2021-01-01,62.5),
	(719,1,2021-01-01,551.25),
	(720,1,2021-01-01,392.65),
	(721,1,2021-01-01,825),
	(722,1,2021-01-01,700),
	(723,1,2021-01-01,62.5),
	(724,1,2021-01-01,62.5),
	(725,1,2021-01-01,74.93),
	(726,1,2021-01-01,193.75),
	(727,1,2021-01-01,660),
	(728,1,2021-01-01,674.83),
	(729,1,2021-01-01,750),
	(730,1,2021-01-01,641.25),
	(731,1,2021-01-01,67.01),
	(732,1,2021-01-01,68.28),
	(733,1,2021-01-01,1295),
	(734,1,2021-01-01,1189.46),
	(735,1,2021-01-01,65.2),
	(736,1,2021-01-01,62.5),
	(737,1,2021-01-01,62.5),
	(738,1,2021-01-01,1100),
	(739,1,2021-01-01,383.55),
	(740,1,2021-01-01,856.65),
	(741,1,2021-01-01,125),
	(742,1,2021-01-01,1097.5),
	(743,1,2021-01-01,844.33),
	(744,1,2021-01-01,347.5),
	(745,1,2021-01-01,62.5),
	(746,1,2021-01-01,266.25),
	(747,1,2021-01-01,62.5),
	(748,1,2021-01-01,68.04),
	(749,1,2021-01-01,62.5),
	(750,1,2021-01-01,690.54),
	(751,1,2021-01-01,216.25),
	(752,1,2021-01-01,907),
	(753,1,2021-01-01,1122.46),
	(754,1,2021-01-01,62.5),
	(755,1,2021-01-01,987.56),
	(756,1,2021-01-01,62.5),
	(757,1,2021-01-01,63.91),
	(758,1,2021-01-01,190),
	(759,1,2021-01-01,1252.09),
	(760,1,2021-01-01,62.5),
	(761,1,2021-01-01,66.66),
	(762,1,2021-01-01,1158.75),
	(763,1,2021-01-01,876.25),
	(764,1,2021-01-01,73.24),
	(765,1,2021-01-01,1162.5),
	(766,1,2021-01-01,73.14),
	(767,1,2021-01-01,62.5),
	(768,1,2021-01-01,230.24),
	(769,1,2021-01-01,729.74),
	(770,1,2021-01-01,998.75),
	(771,1,2021-01-01,68.05),
	(772,1,2021-01-01,630.96),
	(773,1,2021-01-01,486.25),
	(774,1,2021-01-01,678.75),
	(775,1,2021-01-01,65.64),
	(776,1,2021-01-01,62.5),
	(777,1,2021-01-01,62.5),
	(778,1,2021-01-01,646.25),
	(779,1,2021-01-01,948.61),
	(780,1,2021-01-01,74.84),
	(781,1,2021-01-01,62.5),
	(782,1,2021-01-01,687.11),
	(783,1,2021-01-01,749.8),
	(784,1,2021-01-01,266.84),
	(785,1,2021-01-01,62.5),
	(786,1,2021-01-01,71.66),
	(787,1,2021-01-01,62.5),
	(788,1,2021-01-01,62.5),
	(789,1,2021-01-01,64.73),
	(790,1,2021-01-01,511.25),
	(791,1,2021-01-01,478.06),
	(792,1,2021-01-01,62.5),
	(793,1,2021-01-01,624.86),
	(794,1,2021-01-01,714.91),
	(795,1,2021-01-01,62.5),
	(796,1,2021-01-01,67.51),
	(797,1,2021-01-01,70.58),
	(798,1,2021-01-01,285),
	(799,1,2021-01-01,560),
	(800,1,2021-01-01,62.5),
	(801,1,2021-01-01,927.5),
	(802,1,2021-01-01,73.34),
	(803,1,2021-01-01,62.5),
	(804,1,2021-01-01,870.24),
	(805,1,2021-01-01,62.5),
	(806,1,2021-01-01,852.74),
	(807,1,2021-01-01,743.75),
	(808,1,2021-01-01,62.5),
	(809,1,2021-01-01,67.99),
	(810,1,2021-01-01,1300),
	(811,1,2021-01-01,62.5),
	(812,1,2021-01-01,178.75),
	(813,1,2021-01-01,933.75),
	(814,1,2021-01-01,390),
	(815,1,2021-01-01,1151.25),
	(816,1,2021-01-01,62.5),
	(817,1,2021-01-01,453.75),
	(818,1,2021-01-01,1265),
	(819,1,2021-01-01,62.5),
	(820,1,2021-01-01,70.34),
	(821,1,2021-01-01,1000),
	(822,1,2021-01-01,71.14),
	(823,1,2021-01-01,70.73),
	(824,1,2021-01-01,1168.75),
	(825,1,2021-01-01,1299.36),
	(826,1,2021-01-01,911.25),
	(827,1,2021-01-01,62.5),
	(828,1,2021-01-01,62.5),
	(829,1,2021-01-01,69.18),
	(830,1,2021-01-01,70.63),
	(831,1,2021-01-01,322.01),
	(832,1,2021-01-01,74.15),
	(833,1,2021-01-01,494.95),
	(834,1,2021-01-01,688.36),
	(835,1,2021-01-01,948.75),
	(836,1,2021-01-01,1116.33),
	(837,1,2021-01-01,1296.25),
	(838,1,2021-01-01,132.01),
	(839,1,2021-01-01,65.61),
	(840,1,2021-01-01,792.5),
	(841,1,2021-01-01,982.96),
	(842,1,2021-01-01,71.11),
	(843,1,2021-01-01,62.5),
	(844,1,2021-01-01,62.5),
	(845,1,2021-01-01,62.5),
	(846,1,2021-01-01,802.5),
	(847,1,2021-01-01,66.91),
	(848,1,2021-01-01,72.06),
	(849,1,2021-01-01,62.5),
	(850,1,2021-01-01,71.14),
	(851,1,2021-01-01,62.5),
	(852,1,2021-01-01,69.78),
	(853,1,2021-01-01,62.5),
	(854,1,2021-01-01,62.5),
	(855,1,2021-01-01,62.5),
	(856,1,2021-01-01,62.5),
	(857,1,2021-01-01,62.5),
	(858,1,2021-01-01,110),
	(859,1,2021-01-01,70.8),
	(860,1,2021-01-01,411.48),
	(861,1,2021-01-01,62.5),
	(862,1,2021-01-01,98.25),
	(863,1,2021-01-01,69.6),
	(864,1,2021-01-01,690),
	(865,1,2021-01-01,1212.5),
	(866,1,2021-01-01,526.25),
	(867,1,2021-01-01,62.5),
	(868,1,2021-01-01,62.5),
	(869,1,2021-01-01,1136.54),
	(870,1,2021-01-01,981.25),
	(871,1,2021-01-01,1267.73),
	(872,1,2021-01-01,62.5),
	(873,1,2021-01-01,1211.25),
	(874,1,2021-01-01,62.5),
	(875,1,2021-01-01,62.5),
	(876,1,2021-01-01,62.5),
	(877,1,2021-01-01,69.96),
	(878,1,2021-01-01,62.5),
	(879,1,2021-01-01,69.39),
	(880,1,2021-01-01,62.5),
	(881,1,2021-01-01,62.5),
	(882,1,2021-01-01,495),
	(883,1,2021-01-01,1204.11),
	(884,1,2021-01-01,587.58),
	(885,1,2021-01-01,62.5),
	(886,1,2021-01-01,74.34),
	(887,1,2021-01-01,292.5),
	(888,1,2021-01-01,62.5),
	(889,1,2021-01-01,62.5),
	(890,1,2021-01-01,68.59),
	(891,1,2021-01-01,71.89),
	(892,1,2021-01-01,282.59),
	(893,1,2021-01-01,62.5),
	(894,1,2021-01-01,62.5),
	(895,1,2021-01-01,62.5),
	(896,1,2021-01-01,62.5),
	(897,1,2021-01-01,62.5),
	(898,1,2021-01-01,71.9),
	(899,1,2021-01-01,62.5),
	(900,1,2021-01-01,68.03),
	(901,1,2021-01-01,62.5),
	(902,1,2021-01-01,956.58),
	(903,1,2021-01-01,67.76),
	(904,1,2021-01-01,756.3),
	(905,1,2021-01-01,62.5),
	(906,1,2021-01-01,458.75),
	(907,1,2021-01-01,719.2),
	(908,1,2021-01-01,1136.49),
	(909,1,2021-01-01,62.5),
	(910,1,2021-01-01,66.09),
	(911,1,2021-01-01,1080.48),
	(912,1,2021-01-01,1195),
	(913,1,2021-01-01,62.5),
	(914,1,2021-01-01,725),
	(915,1,2021-01-01,62.5),
	(916,1,2021-01-01,1256.25),
	(917,1,2021-01-01,732.36),
	(918,1,2021-01-01,305.05),
	(919,1,2021-01-01,74.46),
	(920,1,2021-01-01,68.48),
	(921,1,2021-01-01,70.61),
	(922,1,2021-01-01,1051.98),
	(923,1,2021-01-01,67.96),
	(924,1,2021-01-01,62.5),
	(925,1,2021-01-01,62.5),
	(926,1,2021-01-01,324.79),
	(927,1,2021-01-01,62.5),
	(928,1,2021-01-01,69.69),
	(929,1,2021-01-01,1048.05),
	(930,1,2021-01-01,62.5),
	(931,1,2021-01-01,1279.2),
	(932,1,2021-01-01,63.98),
	(933,1,2021-01-01,1142.5),
	(934,1,2021-01-01,146.48),
	(935,1,2021-01-01,62.5),
	(936,1,2021-01-01,996.25),
	(937,1,2021-01-01,72.45),
	(938,1,2021-01-01,62.5),
	(939,1,2021-01-01,313.56),
	(940,1,2021-01-01,652.5),
	(941,1,2021-01-01,926.74),
	(942,1,2021-01-01,62.5),
	(943,1,2021-01-01,69.91),
	(944,1,2021-01-01,70.75),
	(945,1,2021-01-01,177.44),
	(946,1,2021-01-01,73.51),
	(947,1,2021-01-01,62.5),
	(948,1,2021-01-01,66.91),
	(949,1,2021-01-01,501.58),
	(950,1,2021-01-01,1234.64),
	(951,1,2021-01-01,62.5),
	(952,1,2021-01-01,62.5),
	(953,1,2021-01-01,62.5),
	(954,1,2021-01-01,62.5),
	(955,1,2021-01-01,63.95),
	(956,1,2021-01-01,145),
	(957,1,2021-01-01,935.53),
	(958,1,2021-01-01,62.5),
	(959,1,2021-01-01,798.86),
	(960,1,2021-01-01,220),
	(961,1,2021-01-01,62.5),
	(962,1,2021-01-01,877.5),
	(963,1,2021-01-01,62.5),
	(964,1,2021-01-01,62.5),
	(965,1,2021-01-01,1000),
	(966,1,2021-01-01,62.5),
	(967,1,2021-01-01,170.1),
	(968,1,2021-01-01,62.5),
	(969,1,2021-01-01,752.15),
	(970,1,2021-01-01,62.5),
	(971,1,2021-01-01,68.41),
	(972,1,2021-01-01,581.25),
	(973,1,2021-01-01,62.5),
	(974,1,2021-01-01,630),
	(975,1,2021-01-01,896.34),
	(976,1,2021-01-01,62.5),
	(977,1,2021-01-01,1078.75),
	(978,1,2021-01-01,362.9),
	(979,1,2021-01-01,825),
	(980,1,2021-01-01,78.81),
	(981,1,2021-01-01,62.5),
	(982,1,2021-01-01,65.76),
	(983,1,2021-01-01,1039.61),
	(984,1,2021-01-01,1305),
	(985,1,2021-01-01,505),
	(986,1,2021-01-01,62.5),
	(987,1,2021-01-01,71.89),
	(988,1,2021-01-01,690),
	(989,1,2021-01-01,298.75),
	(990,1,2021-01-01,742.23),
	(991,1,2021-01-01,1137.16),
	(992,1,2021-01-01,62.5),
	(993,1,2021-01-01,73.31),
	(994,1,2021-01-01,74.24),
	(995,1,2021-01-01,390),
	(996,1,2021-01-01,66.63),
	(997,1,2021-01-01,805),
	(998,1,2021-01-01,68.34),
	(999,1,2021-01-01,62.5);

INSERT INTO ProductSellPrice (barcode, shop_id, start, sellPrice) VALUES
	(1000,1,2021-01-01,1152.5),
	(1001,1,2021-01-01,62.5),
	(1002,1,2021-01-01,552.5),
	(1003,1,2021-01-01,62.5),
	(1004,1,2021-01-01,64.03),
	(1005,1,2021-01-01,72.31),
	(1006,1,2021-01-01,482.05),
	(1007,1,2021-01-01,623.71),
	(1008,1,2021-01-01,438.06),
	(1009,1,2021-01-01,72.88),
	(1010,1,2021-01-01,62.5),
	(1011,1,2021-01-01,62.5),
	(1012,1,2021-01-01,62.5),
	(1013,1,2021-01-01,62.5),
	(1014,1,2021-01-01,809.98),
	(1015,1,2021-01-01,62.5),
	(1016,1,2021-01-01,62.5),
	(1017,1,2021-01-01,62.5),
	(1018,1,2021-01-01,62.5),
	(1019,1,2021-01-01,73.2),
	(1020,1,2021-01-01,1043.25),
	(1021,1,2021-01-01,237.95),
	(1022,1,2021-01-01,62.5),
	(1023,1,2021-01-01,62.5),
	(1024,1,2021-01-01,682.26),
	(1025,1,2021-01-01,72.56),
	(1026,1,2021-01-01,62.5),
	(1027,1,2021-01-01,62.5),
	(1028,1,2021-01-01,62.5),
	(1029,1,2021-01-01,72.93),
	(1030,1,2021-01-01,514.66),
	(1031,1,2021-01-01,71.19),
	(1032,1,2021-01-01,69.76),
	(1033,1,2021-01-01,74.24),
	(1034,1,2021-01-01,62.5),
	(1035,1,2021-01-01,62.5),
	(1036,1,2021-01-01,64.2),
	(1037,1,2021-01-01,778.75),
	(1038,1,2021-01-01,781.8),
	(1039,1,2021-01-01,1033.68),
	(1040,1,2021-01-01,207.5),
	(1041,1,2021-01-01,62.5),
	(1042,1,2021-01-01,68.99),
	(1043,1,2021-01-01,456.25),
	(1044,1,2021-01-01,62.5),
	(1045,1,2021-01-01,960),
	(1046,1,2021-01-01,62.5),
	(1047,1,2021-01-01,1048.75),
	(1048,1,2021-01-01,283.34),
	(1049,1,2021-01-01,833.75),
	(1050,1,2021-01-01,71.25),
	(1051,1,2021-01-01,640),
	(1052,1,2021-01-01,62.5),
	(1053,1,2021-01-01,876.25),
	(1054,1,2021-01-01,62.5),
	(1055,1,2021-01-01,66.73),
	(1056,1,2021-01-01,223.94),
	(1057,1,2021-01-01,70.4),
	(1058,1,2021-01-01,73.71),
	(1059,1,2021-01-01,65.5),
	(1060,1,2021-01-01,1050.93),
	(1061,1,2021-01-01,943.75),
	(1062,1,2021-01-01,235),
	(1063,1,2021-01-01,277.5),
	(1064,1,2021-01-01,62.5),
	(1065,1,2021-01-01,74.81),
	(1066,1,2021-01-01,62.5),
	(1067,1,2021-01-01,62.5),
	(1068,1,2021-01-01,62.5),
	(1069,1,2021-01-01,67.08),
	(1070,1,2021-01-01,62.5),
	(1071,1,2021-01-01,68.09),
	(1072,1,2021-01-01,68.58),
	(1073,1,2021-01-01,616.64),
	(1074,1,2021-01-01,1118.78),
	(1075,1,2021-01-01,68.63),
	(1076,1,2021-01-01,139.7),
	(1077,1,2021-01-01,62.5),
	(1078,1,2021-01-01,62.5),
	(1079,1,2021-01-01,587.5),
	(1080,1,2021-01-01,62.5),
	(1081,1,2021-01-01,72.19),
	(1082,1,2021-01-01,70.89),
	(1083,1,2021-01-01,476.25),
	(1084,1,2021-01-01,1056.25),
	(1085,1,2021-01-01,67.51),
	(1086,1,2021-01-01,62.5),
	(1087,1,2021-01-01,346.21),
	(1088,1,2021-01-01,238.75),
	(1089,1,2021-01-01,893.75),
	(1090,1,2021-01-01,62.5),
	(1091,1,2021-01-01,802.6),
	(1092,1,2021-01-01,206.66),
	(1093,1,2021-01-01,71.25),
	(1094,1,2021-01-01,62.5),
	(1095,1,2021-01-01,1143.74),
	(1096,1,2021-01-01,443.75),
	(1097,1,2021-01-01,717.5),
	(1098,1,2021-01-01,68.18),
	(1099,1,2021-01-01,923.75),
	(1100,1,2021-01-01,66.8),
	(1101,1,2021-01-01,62.5),
	(1102,1,2021-01-01,419.6),
	(1103,1,2021-01-01,102.81),
	(1104,1,2021-01-01,496.25),
	(1105,1,2021-01-01,62.5),
	(1106,1,2021-01-01,766.25),
	(1107,1,2021-01-01,62.5),
	(1108,1,2021-01-01,62.5),
	(1109,1,2021-01-01,74.49),
	(1110,1,2021-01-01,1068.75),
	(1111,1,2021-01-01,1087.5),
	(1112,1,2021-01-01,1088.75),
	(1113,1,2021-01-01,62.5),
	(1114,1,2021-01-01,62.5),
	(1115,1,2021-01-01,520),
	(1116,1,2021-01-01,62.5),
	(1117,1,2021-01-01,723.75),
	(1118,1,2021-01-01,64.36),
	(1119,1,2021-01-01,479.41),
	(1120,1,2021-01-01,598.75),
	(1121,1,2021-01-01,510),
	(1122,1,2021-01-01,62.5),
	(1123,1,2021-01-01,850),
	(1124,1,2021-01-01,65.86),
	(1125,1,2021-01-01,70.76),
	(1126,1,2021-01-01,1149.26),
	(1127,1,2021-01-01,62.5),
	(1128,1,2021-01-01,208.34),
	(1129,1,2021-01-01,62.5),
	(1130,1,2021-01-01,343.14),
	(1131,1,2021-01-01,393.75),
	(1132,1,2021-01-01,475),
	(1133,1,2021-01-01,191.25),
	(1134,1,2021-01-01,635.41),
	(1135,1,2021-01-01,70.38),
	(1136,1,2021-01-01,1028.75),
	(1137,1,2021-01-01,1077.5),
	(1138,1,2021-01-01,867.5),
	(1139,1,2021-01-01,650),
	(1140,1,2021-01-01,66.18),
	(1141,1,2021-01-01,813.75),
	(1142,1,2021-01-01,62.5),
	(1143,1,2021-01-01,1195),
	(1144,1,2021-01-01,62.5),
	(1145,1,2021-01-01,642.03),
	(1146,1,2021-01-01,622.09),
	(1147,1,2021-01-01,62.5),
	(1148,1,2021-01-01,70.03),
	(1149,1,2021-01-01,62.5),
	(1150,1,2021-01-01,72.55),
	(1151,1,2021-01-01,64.68),
	(1152,1,2021-01-01,864.81),
	(1153,1,2021-01-01,71.9),
	(1154,1,2021-01-01,62.5),
	(1155,1,2021-01-01,62.5),
	(1156,1,2021-01-01,71.13),
	(1157,1,2021-01-01,72.04),
	(1158,1,2021-01-01,68.81),
	(1159,1,2021-01-01,592.68),
	(1160,1,2021-01-01,74.05),
	(1161,1,2021-01-01,1045),
	(1162,1,2021-01-01,62.5),
	(1163,1,2021-01-01,1277.5),
	(1164,1,2021-01-01,62.5),
	(1165,1,2021-01-01,136.25),
	(1166,1,2021-01-01,62.5),
	(1167,1,2021-01-01,719.48),
	(1168,1,2021-01-01,870),
	(1169,1,2021-01-01,62.5),
	(1170,1,2021-01-01,524.8),
	(1171,1,2021-01-01,64.16),
	(1172,1,2021-01-01,66.53),
	(1173,1,2021-01-01,62.5),
	(1174,1,2021-01-01,72.83),
	(1175,1,2021-01-01,1231.25),
	(1176,1,2021-01-01,295),
	(1177,1,2021-01-01,72.93),
	(1178,1,2021-01-01,74.19),
	(1179,1,2021-01-01,851),
	(1180,1,2021-01-01,62.5),
	(1181,1,2021-01-01,65.83),
	(1182,1,2021-01-01,62.5),
	(1183,1,2021-01-01,65.09),
	(1184,1,2021-01-01,64.21),
	(1185,1,2021-01-01,127.5),
	(1186,1,2021-01-01,62.5),
	(1187,1,2021-01-01,62.5),
	(1188,1,2021-01-01,62.5),
	(1189,1,2021-01-01,1062.5),
	(1190,1,2021-01-01,481.25),
	(1191,1,2021-01-01,74.41),
	(1192,1,2021-01-01,1203.85),
	(1193,1,2021-01-01,62.5),
	(1194,1,2021-01-01,62.5),
	(1195,1,2021-01-01,1248.9),
	(1196,1,2021-01-01,68.55),
	(1197,1,2021-01-01,185.26),
	(1198,1,2021-01-01,62.5),
	(1199,1,2021-01-01,146.25),
	(1200,1,2021-01-01,62.5),
	(1201,1,2021-01-01,831.25),
	(1202,1,2021-01-01,751.25),
	(1203,1,2021-01-01,63.86),
	(1204,1,2021-01-01,695.26),
	(1205,1,2021-01-01,64.14),
	(1206,1,2021-01-01,62.5),
	(1207,1,2021-01-01,72.23),
	(1208,1,2021-01-01,62.5),
	(1209,1,2021-01-01,62.5),
	(1210,1,2021-01-01,65.81),
	(1211,1,2021-01-01,225),
	(1212,1,2021-01-01,110),
	(1213,1,2021-01-01,1256.79),
	(1214,1,2021-01-01,1150),
	(1215,1,2021-01-01,69.58),
	(1216,1,2021-01-01,1000),
	(1217,1,2021-01-01,1090),
	(1218,1,2021-01-01,803.75),
	(1219,1,2021-01-01,68.39),
	(1220,1,2021-01-01,1240.16),
	(1221,1,2021-01-01,523.75),
	(1222,1,2021-01-01,62.5),
	(1223,1,2021-01-01,584.81),
	(1224,1,2021-01-01,62.5),
	(1225,1,2021-01-01,179.06),
	(1226,1,2021-01-01,62.5),
	(1227,1,2021-01-01,1121.25),
	(1228,1,2021-01-01,62.5),
	(1229,1,2021-01-01,62.5),
	(1230,1,2021-01-01,74.2),
	(1231,1,2021-01-01,66.33),
	(1232,1,2021-01-01,131.15),
	(1233,1,2021-01-01,1165.64),
	(1234,1,2021-01-01,1215.4),
	(1235,1,2021-01-01,512.15),
	(1236,1,2021-01-01,67.45),
	(1237,1,2021-01-01,72.79),
	(1238,1,2021-01-01,733.75),
	(1239,1,2021-01-01,62.5),
	(1240,1,2021-01-01,458.75),
	(1241,1,2021-01-01,62.5),
	(1242,1,2021-01-01,62.5),
	(1243,1,2021-01-01,286.39),
	(1244,1,2021-01-01,867.5),
	(1245,1,2021-01-01,73.76),
	(1246,1,2021-01-01,1083.75),
	(1247,1,2021-01-01,62.5),
	(1248,1,2021-01-01,1257.1),
	(1249,1,2021-01-01,1106.25),
	(1250,1,2021-01-01,71.41),
	(1251,1,2021-01-01,503.26),
	(1252,1,2021-01-01,281.25),
	(1253,1,2021-01-01,62.5),
	(1254,1,2021-01-01,62.5),
	(1255,1,2021-01-01,67.93),
	(1256,1,2021-01-01,62.5),
	(1257,1,2021-01-01,72.8),
	(1258,1,2021-01-01,889.54),
	(1259,1,2021-01-01,148.75),
	(1260,1,2021-01-01,64.88),
	(1261,1,2021-01-01,431.25),
	(1262,1,2021-01-01,1015),
	(1263,1,2021-01-01,62.5),
	(1264,1,2021-01-01,62.5),
	(1265,1,2021-01-01,62.5),
	(1266,1,2021-01-01,66.74),
	(1267,1,2021-01-01,71.48),
	(1268,1,2021-01-01,62.5),
	(1269,1,2021-01-01,72.48),
	(1270,1,2021-01-01,481.25),
	(1271,1,2021-01-01,1209.81),
	(1272,1,2021-01-01,62.5),
	(1273,1,2021-01-01,70.71),
	(1274,1,2021-01-01,653.75),
	(1275,1,2021-01-01,251.25),
	(1276,1,2021-01-01,70.95),
	(1277,1,2021-01-01,70.29),
	(1278,1,2021-01-01,766.25),
	(1279,1,2021-01-01,1286.25),
	(1280,1,2021-01-01,503.05),
	(1281,1,2021-01-01,128.23),
	(1282,1,2021-01-01,878.75),
	(1283,1,2021-01-01,463.75),
	(1284,1,2021-01-01,62.5),
	(1285,1,2021-01-01,470.39),
	(1286,1,2021-01-01,62.5),
	(1287,1,2021-01-01,74.45),
	(1288,1,2021-01-01,1295.88),
	(1289,1,2021-01-01,70.36),
	(1290,1,2021-01-01,825.6),
	(1291,1,2021-01-01,506.3),
	(1292,1,2021-01-01,62.5),
	(1293,1,2021-01-01,233.25),
	(1294,1,2021-01-01,391.46),
	(1295,1,2021-01-01,1238.33),
	(1296,1,2021-01-01,956.86),
	(1297,1,2021-01-01,62.5),
	(1298,1,2021-01-01,62.5),
	(1299,1,2021-01-01,852.5),
	(1300,1,2021-01-01,448.19),
	(1301,1,2021-01-01,66.09),
	(1302,1,2021-01-01,787.5),
	(1303,1,2021-01-01,69.43),
	(1304,1,2021-01-01,69.28),
	(1305,1,2021-01-01,106.25),
	(1306,1,2021-01-01,523.89),
	(1307,1,2021-01-01,73.84),
	(1308,1,2021-01-01,1037.5),
	(1309,1,2021-01-01,465),
	(1310,1,2021-01-01,73.75),
	(1311,1,2021-01-01,630),
	(1312,1,2021-01-01,397.5),
	(1313,1,2021-01-01,1240.69),
	(1314,1,2021-01-01,600.85),
	(1315,1,2021-01-01,64.06),
	(1316,1,2021-01-01,873.59),
	(1317,1,2021-01-01,1275.6),
	(1318,1,2021-01-01,699.61),
	(1319,1,2021-01-01,62.5),
	(1320,1,2021-01-01,435),
	(1321,1,2021-01-01,553.43),
	(1322,1,2021-01-01,560),
	(1323,1,2021-01-01,67.39),
	(1324,1,2021-01-01,62.5),
	(1325,1,2021-01-01,703.75),
	(1326,1,2021-01-01,62.5),
	(1327,1,2021-01-01,327.99),
	(1328,1,2021-01-01,66.03),
	(1329,1,2021-01-01,62.5),
	(1330,1,2021-01-01,68.36),
	(1331,1,2021-01-01,910),
	(1332,1,2021-01-01,266.25),
	(1333,1,2021-01-01,62.5),
	(1334,1,2021-01-01,65.15),
	(1335,1,2021-01-01,71.35),
	(1336,1,2021-01-01,66.46),
	(1337,1,2021-01-01,738.75),
	(1338,1,2021-01-01,62.5),
	(1339,1,2021-01-01,1269.29),
	(1340,1,2021-01-01,1227.5),
	(1341,1,2021-01-01,62.5),
	(1342,1,2021-01-01,62.5),
	(1343,1,2021-01-01,66.66),
	(1344,1,2021-01-01,62.5),
	(1345,1,2021-01-01,1251.25),
	(1346,1,2021-01-01,520),
	(1347,1,2021-01-01,422.5),
	(1348,1,2021-01-01,73.7),
	(1349,1,2021-01-01,1292.95),
	(1350,1,2021-01-01,1215.85),
	(1351,1,2021-01-01,68.04),
	(1352,1,2021-01-01,65.81),
	(1353,1,2021-01-01,62.5),
	(1354,1,2021-01-01,69.53),
	(1355,1,2021-01-01,70.75),
	(1356,1,2021-01-01,688.61),
	(1357,1,2021-01-01,528.75),
	(1358,1,2021-01-01,880.65),
	(1359,1,2021-01-01,62.5),
	(1360,1,2021-01-01,68.11),
	(1361,1,2021-01-01,891.86),
	(1362,1,2021-01-01,70.05),
	(1363,1,2021-01-01,62.5),
	(1364,1,2021-01-01,1195),
	(1365,1,2021-01-01,62.5),
	(1366,1,2021-01-01,62.5),
	(1367,1,2021-01-01,474.64),
	(1368,1,2021-01-01,444.45),
	(1369,1,2021-01-01,592.5),
	(1370,1,2021-01-01,622.54),
	(1371,1,2021-01-01,490.26),
	(1372,1,2021-01-01,62.5),
	(1373,1,2021-01-01,1047.34),
	(1374,1,2021-01-01,656.25),
	(1375,1,2021-01-01,863.75),
	(1376,1,2021-01-01,1260),
	(1377,1,2021-01-01,222.5),
	(1378,1,2021-01-01,64.64),
	(1379,1,2021-01-01,427.5),
	(1380,1,2021-01-01,1026.25),
	(1381,1,2021-01-01,241.25),
	(1382,1,2021-01-01,62.5),
	(1383,1,2021-01-01,62.5),
	(1384,1,2021-01-01,466.25),
	(1385,1,2021-01-01,74.94),
	(1386,1,2021-01-01,376.25),
	(1387,1,2021-01-01,74.03),
	(1388,1,2021-01-01,955),
	(1389,1,2021-01-01,70.86),
	(1390,1,2021-01-01,71.94),
	(1391,1,2021-01-01,62.5),
	(1392,1,2021-01-01,722.5),
	(1393,1,2021-01-01,1275),
	(1394,1,2021-01-01,62.5),
	(1395,1,2021-01-01,1267.53),
	(1396,1,2021-01-01,71.61),
	(1397,1,2021-01-01,1006.58),
	(1398,1,2021-01-01,66.28),
	(1399,1,2021-01-01,270.01),
	(1400,1,2021-01-01,1227.35),
	(1401,1,2021-01-01,62.5),
	(1402,1,2021-01-01,62.5),
	(1403,1,2021-01-01,65.88),
	(1404,1,2021-01-01,62.5),
	(1405,1,2021-01-01,62.5),
	(1406,1,2021-01-01,1048.75),
	(1407,1,2021-01-01,65.58),
	(1408,1,2021-01-01,73.73),
	(1409,1,2021-01-01,438.75),
	(1410,1,2021-01-01,62.5),
	(1411,1,2021-01-01,62.5),
	(1412,1,2021-01-01,62.5),
	(1413,1,2021-01-01,62.5),
	(1414,1,2021-01-01,62.5),
	(1415,1,2021-01-01,65.09),
	(1416,1,2021-01-01,69.7),
	(1417,1,2021-01-01,62.5),
	(1418,1,2021-01-01,62.5),
	(1419,1,2021-01-01,1103.75),
	(1420,1,2021-01-01,62.5),
	(1421,1,2021-01-01,1152.3),
	(1422,1,2021-01-01,346.58),
	(1423,1,2021-01-01,62.5),
	(1424,1,2021-01-01,100.46),
	(1425,1,2021-01-01,67.26),
	(1426,1,2021-01-01,585),
	(1427,1,2021-01-01,813),
	(1428,1,2021-01-01,69.36),
	(1429,1,2021-01-01,73.04),
	(1430,1,2021-01-01,370.66),
	(1431,1,2021-01-01,73.78),
	(1432,1,2021-01-01,726.25),
	(1433,1,2021-01-01,71.06),
	(1434,1,2021-01-01,395.88),
	(1435,1,2021-01-01,1115),
	(1436,1,2021-01-01,361.25),
	(1437,1,2021-01-01,1305),
	(1438,1,2021-01-01,64.98),
	(1439,1,2021-01-01,74.79),
	(1440,1,2021-01-01,1169.35),
	(1441,1,2021-01-01,1068.75),
	(1442,1,2021-01-01,1204.39),
	(1443,1,2021-01-01,62.5),
	(1444,1,2021-01-01,835),
	(1445,1,2021-01-01,67.71),
	(1446,1,2021-01-01,942.44),
	(1447,1,2021-01-01,715.14),
	(1448,1,2021-01-01,976.98),
	(1449,1,2021-01-01,62.5),
	(1450,1,2021-01-01,492.5),
	(1451,1,2021-01-01,723.93),
	(1452,1,2021-01-01,62.5),
	(1453,1,2021-01-01,373.75),
	(1454,1,2021-01-01,1072.01),
	(1455,1,2021-01-01,391.25),
	(1456,1,2021-01-01,1169.6),
	(1457,1,2021-01-01,571.25),
	(1458,1,2021-01-01,66.74),
	(1459,1,2021-01-01,62.5),
	(1460,1,2021-01-01,70.75),
	(1461,1,2021-01-01,508.45),
	(1462,1,2021-01-01,69.7),
	(1463,1,2021-01-01,215.88),
	(1464,1,2021-01-01,62.5),
	(1465,1,2021-01-01,1130),
	(1466,1,2021-01-01,622.5),
	(1467,1,2021-01-01,763.75),
	(1468,1,2021-01-01,972.5),
	(1469,1,2021-01-01,62.5),
	(1470,1,2021-01-01,857.33),
	(1471,1,2021-01-01,73.63),
	(1472,1,2021-01-01,563.39),
	(1473,1,2021-01-01,809.66),
	(1474,1,2021-01-01,62.5),
	(1475,1,2021-01-01,73.56),
	(1476,1,2021-01-01,635),
	(1477,1,2021-01-01,357.25),
	(1478,1,2021-01-01,200.41),
	(1479,1,2021-01-01,62.5),
	(1480,1,2021-01-01,797.5),
	(1481,1,2021-01-01,1196.29),
	(1482,1,2021-01-01,71.84),
	(1483,1,2021-01-01,62.5),
	(1484,1,2021-01-01,623.75),
	(1485,1,2021-01-01,62.5),
	(1486,1,2021-01-01,62.5),
	(1487,1,2021-01-01,72.61),
	(1488,1,2021-01-01,64.91),
	(1489,1,2021-01-01,62.5),
	(1490,1,2021-01-01,62.5),
	(1491,1,2021-01-01,73.44),
	(1492,1,2021-01-01,608.75),
	(1493,1,2021-01-01,69.83),
	(1494,1,2021-01-01,643.75),
	(1495,1,2021-01-01,62.5),
	(1496,1,2021-01-01,805),
	(1497,1,2021-01-01,62.5),
	(1498,1,2021-01-01,70.38),
	(1499,1,2021-01-01,1310.41),
	(1500,1,2021-01-01,71.54),
	(1501,1,2021-01-01,62.5),
	(1502,1,2021-01-01,305.49),
	(1503,1,2021-01-01,1200),
	(1504,1,2021-01-01,62.5),
	(1505,1,2021-01-01,71.96),
	(1506,1,2021-01-01,758.75),
	(1507,1,2021-01-01,62.5),
	(1508,1,2021-01-01,62.5),
	(1509,1,2021-01-01,372.03),
	(1510,1,2021-01-01,62.5),
	(1511,1,2021-01-01,62.5),
	(1512,1,2021-01-01,73.83),
	(1513,1,2021-01-01,1307.5),
	(1514,1,2021-01-01,62.5),
	(1515,1,2021-01-01,64.33),
	(1516,1,2021-01-01,1176.25),
	(1517,1,2021-01-01,62.5),
	(1518,1,2021-01-01,824.13),
	(1519,1,2021-01-01,74.64),
	(1520,1,2021-01-01,1131.25),
	(1521,1,2021-01-01,728.75),
	(1522,1,2021-01-01,685),
	(1523,1,2021-01-01,62.5),
	(1524,1,2021-01-01,62.5),
	(1525,1,2021-01-01,62.5),
	(1526,1,2021-01-01,73.49),
	(1527,1,2021-01-01,356.34),
	(1528,1,2021-01-01,62.5),
	(1529,1,2021-01-01,62.5),
	(1530,1,2021-01-01,62.5),
	(1531,1,2021-01-01,62.5),
	(1532,1,2021-01-01,66.21),
	(1533,1,2021-01-01,70.81),
	(1534,1,2021-01-01,74.71),
	(1535,1,2021-01-01,73.76),
	(1536,1,2021-01-01,446.25),
	(1537,1,2021-01-01,63.75),
	(1538,1,2021-01-01,695.39),
	(1539,1,2021-01-01,62.5),
	(1540,1,2021-01-01,728.75),
	(1541,1,2021-01-01,1277.11),
	(1542,1,2021-01-01,755),
	(1543,1,2021-01-01,62.5),
	(1544,1,2021-01-01,62.5),
	(1545,1,2021-01-01,1158.89),
	(1546,1,2021-01-01,1022.5),
	(1547,1,2021-01-01,851.46),
	(1548,1,2021-01-01,62.5),
	(1549,1,2021-01-01,73),
	(1550,1,2021-01-01,863.75),
	(1551,1,2021-01-01,62.5),
	(1552,1,2021-01-01,62.5),
	(1553,1,2021-01-01,71.99),
	(1554,1,2021-01-01,62.5),
	(1555,1,2021-01-01,1157.5),
	(1556,1,2021-01-01,62.5),
	(1557,1,2021-01-01,67.81),
	(1558,1,2021-01-01,74.18),
	(1559,1,2021-01-01,62.5),
	(1560,1,2021-01-01,556.3),
	(1561,1,2021-01-01,136.28),
	(1562,1,2021-01-01,655),
	(1563,1,2021-01-01,945),
	(1564,1,2021-01-01,426.25),
	(1565,1,2021-01-01,62.5),
	(1566,1,2021-01-01,62.5),
	(1567,1,2021-01-01,74.96),
	(1568,1,2021-01-01,71.24),
	(1569,1,2021-01-01,913.75),
	(1570,1,2021-01-01,1209.73),
	(1571,1,2021-01-01,672.5),
	(1572,1,2021-01-01,145),
	(1573,1,2021-01-01,71.43),
	(1574,1,2021-01-01,67.13),
	(1575,1,2021-01-01,894.36),
	(1576,1,2021-01-01,1230),
	(1577,1,2021-01-01,87.5),
	(1578,1,2021-01-01,62.5),
	(1579,1,2021-01-01,1227.5),
	(1580,1,2021-01-01,62.5),
	(1581,1,2021-01-01,636.25),
	(1582,1,2021-01-01,73.38),
	(1583,1,2021-01-01,325.13),
	(1584,1,2021-01-01,429.76),
	(1585,1,2021-01-01,1308.75),
	(1586,1,2021-01-01,173.3),
	(1587,1,2021-01-01,715),
	(1588,1,2021-01-01,202.95),
	(1589,1,2021-01-01,877.5),
	(1590,1,2021-01-01,66.09),
	(1591,1,2021-01-01,693.75),
	(1592,1,2021-01-01,390),
	(1593,1,2021-01-01,65.31),
	(1594,1,2021-01-01,575),
	(1595,1,2021-01-01,1248.75),
	(1596,1,2021-01-01,1123.75),
	(1597,1,2021-01-01,875),
	(1598,1,2021-01-01,861.75),
	(1599,1,2021-01-01,62.5),
	(1600,1,2021-01-01,1077.78),
	(1601,1,2021-01-01,62.5),
	(1602,1,2021-01-01,937.5),
	(1603,1,2021-01-01,62.5),
	(1604,1,2021-01-01,1198.75),
	(1605,1,2021-01-01,70.49),
	(1606,1,2021-01-01,1297.49),
	(1607,1,2021-01-01,64.04),
	(1608,1,2021-01-01,1267.46),
	(1609,1,2021-01-01,65.4),
	(1610,1,2021-01-01,672.5),
	(1611,1,2021-01-01,62.5),
	(1612,1,2021-01-01,881.25),
	(1613,1,2021-01-01,148.75),
	(1614,1,2021-01-01,62.5),
	(1615,1,2021-01-01,62.5),
	(1616,1,2021-01-01,71.33),
	(1617,1,2021-01-01,62.5),
	(1618,1,2021-01-01,62.5),
	(1619,1,2021-01-01,62.5),
	(1620,1,2021-01-01,62.5),
	(1621,1,2021-01-01,317.99),
	(1622,1,2021-01-01,594.46),
	(1623,1,2021-01-01,706.25),
	(1624,1,2021-01-01,807.5),
	(1625,1,2021-01-01,62.5),
	(1626,1,2021-01-01,72.6),
	(1627,1,2021-01-01,452.95),
	(1628,1,2021-01-01,942.86),
	(1629,1,2021-01-01,62.5),
	(1630,1,2021-01-01,217.3),
	(1631,1,2021-01-01,72.8),
	(1632,1,2021-01-01,70.94),
	(1633,1,2021-01-01,201.25),
	(1634,1,2021-01-01,702.44),
	(1635,1,2021-01-01,62.5),
	(1636,1,2021-01-01,158.75),
	(1637,1,2021-01-01,74.94),
	(1638,1,2021-01-01,73.98),
	(1639,1,2021-01-01,1145),
	(1640,1,2021-01-01,1123.75),
	(1641,1,2021-01-01,463.75),
	(1642,1,2021-01-01,69.78),
	(1643,1,2021-01-01,72.34),
	(1644,1,2021-01-01,833.75),
	(1645,1,2021-01-01,71.15),
	(1646,1,2021-01-01,67.81),
	(1647,1,2021-01-01,65.29),
	(1648,1,2021-01-01,550.9),
	(1649,1,2021-01-01,496.25),
	(1650,1,2021-01-01,1298.21),
	(1651,1,2021-01-01,62.5),
	(1652,1,2021-01-01,827.9),
	(1653,1,2021-01-01,1146.26),
	(1654,1,2021-01-01,75),
	(1655,1,2021-01-01,1116.06),
	(1656,1,2021-01-01,72.51),
	(1657,1,2021-01-01,74.96),
	(1658,1,2021-01-01,64.58),
	(1659,1,2021-01-01,62.5),
	(1660,1,2021-01-01,1260.01),
	(1661,1,2021-01-01,476.58),
	(1662,1,2021-01-01,62.5),
	(1663,1,2021-01-01,118.49),
	(1664,1,2021-01-01,438.75),
	(1665,1,2021-01-01,68.46),
	(1666,1,2021-01-01,1037.5),
	(1667,1,2021-01-01,62.5),
	(1668,1,2021-01-01,426.25),
	(1669,1,2021-01-01,1183.44),
	(1670,1,2021-01-01,62.5),
	(1671,1,2021-01-01,62.5),
	(1672,1,2021-01-01,68.94),
	(1673,1,2021-01-01,70.94),
	(1674,1,2021-01-01,62.5),
	(1675,1,2021-01-01,1000),
	(1676,1,2021-01-01,981.33),
	(1677,1,2021-01-01,101.63),
	(1678,1,2021-01-01,62.5),
	(1679,1,2021-01-01,73.38),
	(1680,1,2021-01-01,540),
	(1681,1,2021-01-01,818.45),
	(1682,1,2021-01-01,395.74),
	(1683,1,2021-01-01,68.95),
	(1684,1,2021-01-01,731.25),
	(1685,1,2021-01-01,62.5),
	(1686,1,2021-01-01,71.99),
	(1687,1,2021-01-01,849.35),
	(1688,1,2021-01-01,1207.48),
	(1689,1,2021-01-01,958.31),
	(1690,1,2021-01-01,156.25),
	(1691,1,2021-01-01,74.35),
	(1692,1,2021-01-01,1311.25),
	(1693,1,2021-01-01,62.5),
	(1694,1,2021-01-01,64.23),
	(1695,1,2021-01-01,64.3),
	(1696,1,2021-01-01,957.91),
	(1697,1,2021-01-01,73.04),
	(1698,1,2021-01-01,498.43),
	(1699,1,2021-01-01,148.75),
	(1700,1,2021-01-01,788.75),
	(1701,1,2021-01-01,62.5),
	(1702,1,2021-01-01,62.5),
	(1703,1,2021-01-01,1309.44),
	(1704,1,2021-01-01,62.5),
	(1705,1,2021-01-01,62.5),
	(1706,1,2021-01-01,364.11),
	(1707,1,2021-01-01,984.53),
	(1708,1,2021-01-01,418.75),
	(1709,1,2021-01-01,62.5),
	(1710,1,2021-01-01,678.75),
	(1711,1,2021-01-01,283.51),
	(1712,1,2021-01-01,568.75),
	(1713,1,2021-01-01,1157.88),
	(1714,1,2021-01-01,69.46),
	(1715,1,2021-01-01,109),
	(1716,1,2021-01-01,72.26),
	(1717,1,2021-01-01,902.5),
	(1718,1,2021-01-01,658.63),
	(1719,1,2021-01-01,367.5),
	(1720,1,2021-01-01,62.5),
	(1721,1,2021-01-01,62.5),
	(1722,1,2021-01-01,361.86),
	(1723,1,2021-01-01,253.85),
	(1724,1,2021-01-01,74.89),
	(1725,1,2021-01-01,838.75),
	(1726,1,2021-01-01,74.56),
	(1727,1,2021-01-01,760.24),
	(1728,1,2021-01-01,249.61),
	(1729,1,2021-01-01,69.73),
	(1730,1,2021-01-01,712.5),
	(1731,1,2021-01-01,69.73),
	(1732,1,2021-01-01,62.5),
	(1733,1,2021-01-01,62.5),
	(1734,1,2021-01-01,1257.6),
	(1735,1,2021-01-01,69.9),
	(1736,1,2021-01-01,71.9),
	(1737,1,2021-01-01,1282.5),
	(1738,1,2021-01-01,199.73),
	(1739,1,2021-01-01,64.94),
	(1740,1,2021-01-01,74.81),
	(1741,1,2021-01-01,62.5),
	(1742,1,2021-01-01,62.5),
	(1743,1,2021-01-01,62.5),
	(1744,1,2021-01-01,317.5),
	(1745,1,2021-01-01,69.33),
	(1746,1,2021-01-01,562.5),
	(1747,1,2021-01-01,64.54),
	(1748,1,2021-01-01,65.01),
	(1749,1,2021-01-01,1093.75),
	(1750,1,2021-01-01,106.41),
	(1751,1,2021-01-01,836.25),
	(1752,1,2021-01-01,943.75),
	(1753,1,2021-01-01,207.89),
	(1754,1,2021-01-01,446.25),
	(1755,1,2021-01-01,502.78),
	(1756,1,2021-01-01,62.5),
	(1757,1,2021-01-01,278.56),
	(1758,1,2021-01-01,62.5),
	(1759,1,2021-01-01,813.76),
	(1760,1,2021-01-01,952.5),
	(1761,1,2021-01-01,172.11),
	(1762,1,2021-01-01,717.5),
	(1763,1,2021-01-01,802.65),
	(1764,1,2021-01-01,62.5),
	(1765,1,2021-01-01,838.75),
	(1766,1,2021-01-01,62.5),
	(1767,1,2021-01-01,216.8),
	(1768,1,2021-01-01,73.29),
	(1769,1,2021-01-01,68.06),
	(1770,1,2021-01-01,643.79),
	(1771,1,2021-01-01,1006.25),
	(1772,1,2021-01-01,181.91),
	(1773,1,2021-01-01,62.5),
	(1774,1,2021-01-01,876.25),
	(1775,1,2021-01-01,72.84),
	(1776,1,2021-01-01,62.5),
	(1777,1,2021-01-01,758.49),
	(1778,1,2021-01-01,196.25),
	(1779,1,2021-01-01,72.73),
	(1780,1,2021-01-01,74.46),
	(1781,1,2021-01-01,64.24),
	(1782,1,2021-01-01,144.15),
	(1783,1,2021-01-01,66.74),
	(1784,1,2021-01-01,1121.03),
	(1785,1,2021-01-01,62.5),
	(1786,1,2021-01-01,1161.25),
	(1787,1,2021-01-01,65.53),
	(1788,1,2021-01-01,62.5),
	(1789,1,2021-01-01,1072.65),
	(1790,1,2021-01-01,62.5),
	(1791,1,2021-01-01,1142.5),
	(1792,1,2021-01-01,285),
	(1793,1,2021-01-01,1275.91),
	(1794,1,2021-01-01,62.5),
	(1795,1,2021-01-01,62.5),
	(1796,1,2021-01-01,62.5),
	(1797,1,2021-01-01,62.5),
	(1798,1,2021-01-01,62.5),
	(1799,1,2021-01-01,62.5),
	(1800,1,2021-01-01,832.5),
	(1801,1,2021-01-01,1087.83),
	(1802,1,2021-01-01,242.5),
	(1803,1,2021-01-01,1196.25),
	(1804,1,2021-01-01,62.5),
	(1805,1,2021-01-01,62.5),
	(1806,1,2021-01-01,72.73),
	(1807,1,2021-01-01,62.5),
	(1808,1,2021-01-01,418.36),
	(1809,1,2021-01-01,92.5),
	(1810,1,2021-01-01,62.5),
	(1811,1,2021-01-01,62.5),
	(1812,1,2021-01-01,68.2),
	(1813,1,2021-01-01,367.5),
	(1814,1,2021-01-01,62.5),
	(1815,1,2021-01-01,62.5),
	(1816,1,2021-01-01,70.09),
	(1817,1,2021-01-01,64.75),
	(1818,1,2021-01-01,1280),
	(1819,1,2021-01-01,62.5),
	(1820,1,2021-01-01,70.56),
	(1821,1,2021-01-01,62.5),
	(1822,1,2021-01-01,193.75),
	(1823,1,2021-01-01,62.5),
	(1824,1,2021-01-01,71.96),
	(1825,1,2021-01-01,62.5),
	(1826,1,2021-01-01,573.26),
	(1827,1,2021-01-01,67.66),
	(1828,1,2021-01-01,150),
	(1829,1,2021-01-01,153.58),
	(1830,1,2021-01-01,62.5),
	(1831,1,2021-01-01,67.51),
	(1832,1,2021-01-01,62.5),
	(1833,1,2021-01-01,761.25),
	(1834,1,2021-01-01,220),
	(1835,1,2021-01-01,64.81),
	(1836,1,2021-01-01,70.43),
	(1837,1,2021-01-01,1236.25),
	(1838,1,2021-01-01,62.5),
	(1839,1,2021-01-01,74.93),
	(1840,1,2021-01-01,62.5),
	(1841,1,2021-01-01,70.8),
	(1842,1,2021-01-01,453.75),
	(1843,1,2021-01-01,568.75),
	(1844,1,2021-01-01,510),
	(1845,1,2021-01-01,62.5),
	(1846,1,2021-01-01,1052.5),
	(1847,1,2021-01-01,62.5),
	(1848,1,2021-01-01,62.5),
	(1849,1,2021-01-01,70.63),
	(1850,1,2021-01-01,62.5),
	(1851,1,2021-01-01,62.5),
	(1852,1,2021-01-01,68.85),
	(1853,1,2021-01-01,68.41),
	(1854,1,2021-01-01,1177.21),
	(1855,1,2021-01-01,598.69),
	(1856,1,2021-01-01,62.5),
	(1857,1,2021-01-01,64.08),
	(1858,1,2021-01-01,295),
	(1859,1,2021-01-01,132.5),
	(1860,1,2021-01-01,963.75),
	(1861,1,2021-01-01,62.5),
	(1862,1,2021-01-01,62.5),
	(1863,1,2021-01-01,670.03),
	(1864,1,2021-01-01,487.5),
	(1865,1,2021-01-01,68.91),
	(1866,1,2021-01-01,92.5),
	(1867,1,2021-01-01,311.25),
	(1868,1,2021-01-01,719.15),
	(1869,1,2021-01-01,62.5),
	(1870,1,2021-01-01,95),
	(1871,1,2021-01-01,62.5),
	(1872,1,2021-01-01,62.5),
	(1873,1,2021-01-01,942.5),
	(1874,1,2021-01-01,227.5),
	(1875,1,2021-01-01,74.34),
	(1876,1,2021-01-01,73.6),
	(1877,1,2021-01-01,1129.25),
	(1878,1,2021-01-01,62.5),
	(1879,1,2021-01-01,70.58),
	(1880,1,2021-01-01,72.95),
	(1881,1,2021-01-01,1223.75),
	(1882,1,2021-01-01,73.68),
	(1883,1,2021-01-01,753.75),
	(1884,1,2021-01-01,64.1),
	(1885,1,2021-01-01,62.5),
	(1886,1,2021-01-01,892.13),
	(1887,1,2021-01-01,247.5),
	(1888,1,2021-01-01,62.5),
	(1889,1,2021-01-01,72.55),
	(1890,1,2021-01-01,251.25),
	(1891,1,2021-01-01,285),
	(1892,1,2021-01-01,691.25),
	(1893,1,2021-01-01,62.5),
	(1894,1,2021-01-01,318.75),
	(1895,1,2021-01-01,589.85),
	(1896,1,2021-01-01,73.86),
	(1897,1,2021-01-01,69.36),
	(1898,1,2021-01-01,681.25),
	(1899,1,2021-01-01,71.25),
	(1900,1,2021-01-01,565.8),
	(1901,1,2021-01-01,1190),
	(1902,1,2021-01-01,769.28),
	(1903,1,2021-01-01,435),
	(1904,1,2021-01-01,940),
	(1905,1,2021-01-01,1217.5),
	(1906,1,2021-01-01,696.25),
	(1907,1,2021-01-01,839.24),
	(1908,1,2021-01-01,62.5),
	(1909,1,2021-01-01,62.5),
	(1910,1,2021-01-01,62.5),
	(1911,1,2021-01-01,1183.75),
	(1912,1,2021-01-01,62.5),
	(1913,1,2021-01-01,791.25),
	(1914,1,2021-01-01,826.25),
	(1915,1,2021-01-01,62.5),
	(1916,1,2021-01-01,375);

INSERT INTO ProductSellPrice (barcode, shop_id, start, sellPrice) VALUES
	(1917,1,2021-01-01,544.26),
	(1918,1,2021-01-01,1279.85),
	(1919,1,2021-01-01,846.25),
	(1920,1,2021-01-01,66.73),
	(1921,1,2021-01-01,1073.75),
	(1922,1,2021-01-01,62.5),
	(1923,1,2021-01-01,67.48),
	(1924,1,2021-01-01,62.5),
	(1925,1,2021-01-01,67.61),
	(1926,1,2021-01-01,952.93),
	(1927,1,2021-01-01,950),
	(1928,1,2021-01-01,62.5),
	(1929,1,2021-01-01,72.71),
	(1930,1,2021-01-01,972.23),
	(1931,1,2021-01-01,62.5),
	(1932,1,2021-01-01,1072.3),
	(1933,1,2021-01-01,899.49),
	(1934,1,2021-01-01,62.5),
	(1935,1,2021-01-01,356.5),
	(1936,1,2021-01-01,697.5),
	(1937,1,2021-01-01,926.25),
	(1938,1,2021-01-01,1232.5),
	(1939,1,2021-01-01,62.5),
	(1940,1,2021-01-01,187.5),
	(1941,1,2021-01-01,62.5),
	(1942,1,2021-01-01,790.46),
	(1943,1,2021-01-01,62.5),
	(1944,1,2021-01-01,62.5),
	(1945,1,2021-01-01,65.75),
	(1946,1,2021-01-01,62.5),
	(1947,1,2021-01-01,62.5),
	(1948,1,2021-01-01,1112.5),
	(1949,1,2021-01-01,71.38),
	(1950,1,2021-01-01,620.81),
	(1951,1,2021-01-01,642.5),
	(1952,1,2021-01-01,866.25),
	(1953,1,2021-01-01,314.14),
	(1954,1,2021-01-01,62.5),
	(1955,1,2021-01-01,73.26),
	(1956,1,2021-01-01,743.75),
	(1957,1,2021-01-01,62.5),
	(1958,1,2021-01-01,728.75),
	(1959,1,2021-01-01,74.36),
	(1960,1,2021-01-01,604.79),
	(1961,1,2021-01-01,69.28),
	(1962,1,2021-01-01,950.45),
	(1963,1,2021-01-01,827.7),
	(1964,1,2021-01-01,378.75),
	(1965,1,2021-01-01,62.5),
	(1966,1,2021-01-01,68.64),
	(1967,1,2021-01-01,1135),
	(1968,1,2021-01-01,65.99),
	(1969,1,2021-01-01,633.75),
	(1970,1,2021-01-01,1126.08),
	(1971,1,2021-01-01,1155),
	(1972,1,2021-01-01,325),
	(1973,1,2021-01-01,530),
	(1974,1,2021-01-01,72.59),
	(1975,1,2021-01-01,1035),
	(1976,1,2021-01-01,1276.25),
	(1977,1,2021-01-01,990.16),
	(1978,1,2021-01-01,77.5),
	(1979,1,2021-01-01,72.76),
	(1980,1,2021-01-01,1113.75),
	(1981,1,2021-01-01,69.81),
	(1982,1,2021-01-01,62.5),
	(1983,1,2021-01-01,270),
	(1984,1,2021-01-01,62.5),
	(1985,1,2021-01-01,1179.51),
	(1986,1,2021-01-01,72.08),
	(1987,1,2021-01-01,448.86),
	(1988,1,2021-01-01,69.51),
	(1989,1,2021-01-01,848.29),
	(1990,1,2021-01-01,62.5),
	(1991,1,2021-01-01,66.59),
	(1992,1,2021-01-01,62.5),
	(1993,1,2021-01-01,92.69),
	(1994,1,2021-01-01,446.25),
	(1995,1,2021-01-01,73.69),
	(1996,1,2021-01-01,368.61),
	(1997,1,2021-01-01,62.5),
	(1998,1,2021-01-01,684.25),
	(1999,1,2021-01-01,1150.08),
	(2000,1,2021-01-01,967.86),
	(2001,1,2021-01-01,62.5),
	(2002,1,2021-01-01,62.5),
	(2003,1,2021-01-01,73.41),
	(2004,1,2021-01-01,68.64),
	(2005,1,2021-01-01,62.5),
	(2006,1,2021-01-01,517.5),
	(2007,1,2021-01-01,62.5),
	(2008,1,2021-01-01,1085),
	(2009,1,2021-01-01,603.73),
	(2010,1,2021-01-01,62.5),
	(2011,1,2021-01-01,232.5),
	(2012,1,2021-01-01,62.5),
	(2013,1,2021-01-01,132.03),
	(2014,1,2021-01-01,1277.5),
	(2015,1,2021-01-01,68.44),
	(2016,1,2021-01-01,62.5),
	(2017,1,2021-01-01,1038.4),
	(2018,1,2021-01-01,1193.71),
	(2019,1,2021-01-01,478.56),
	(2020,1,2021-01-01,1045),
	(2021,1,2021-01-01,62.5),
	(2022,1,2021-01-01,273.75),
	(2023,1,2021-01-01,449.29),
	(2024,1,2021-01-01,74.81),
	(2025,1,2021-01-01,643.75),
	(2026,1,2021-01-01,418.75),
	(2027,1,2021-01-01,1275),
	(2028,1,2021-01-01,62.5),
	(2029,1,2021-01-01,70.18),
	(2030,1,2021-01-01,62.5),
	(2031,1,2021-01-01,307.5),
	(2032,1,2021-01-01,1144.34),
	(2033,1,2021-01-01,931.25),
	(2034,1,2021-01-01,925.55),
	(2035,1,2021-01-01,62.5),
	(2036,1,2021-01-01,1002.08),
	(2037,1,2021-01-01,118.06),
	(2038,1,2021-01-01,1071.51),
	(2039,1,2021-01-01,62.5),
	(2040,1,2021-01-01,62.5),
	(2041,1,2021-01-01,81.25),
	(2042,1,2021-01-01,62.5),
	(2043,1,2021-01-01,351.25),
	(2044,1,2021-01-01,939.39),
	(2045,1,2021-01-01,896.25),
	(2046,1,2021-01-01,638.36),
	(2047,1,2021-01-01,1305),
	(2048,1,2021-01-01,62.5),
	(2049,1,2021-01-01,62.5),
	(2050,1,2021-01-01,1156.25),
	(2051,1,2021-01-01,329.6),
	(2052,1,2021-01-01,67.44),
	(2053,1,2021-01-01,735.98),
	(2054,1,2021-01-01,69.56),
	(2055,1,2021-01-01,1200),
	(2056,1,2021-01-01,62.5),
	(2057,1,2021-01-01,74.46),
	(2058,1,2021-01-01,73.86),
	(2059,1,2021-01-01,891.25),
	(2060,1,2021-01-01,62.5),
	(2061,1,2021-01-01,62.5),
	(2062,1,2021-01-01,62.5),
	(2063,1,2021-01-01,67.18),
	(2064,1,2021-01-01,62.5),
	(2065,1,2021-01-01,62.5),
	(2066,1,2021-01-01,73.66),
	(2067,1,2021-01-01,73.13),
	(2068,1,2021-01-01,62.5),
	(2069,1,2021-01-01,1247.7),
	(2070,1,2021-01-01,71.7),
	(2071,1,2021-01-01,73.25),
	(2072,1,2021-01-01,1142.69),
	(2073,1,2021-01-01,1083.16),
	(2074,1,2021-01-01,64.18),
	(2075,1,2021-01-01,70.23),
	(2076,1,2021-01-01,73.39);