-- INVOICE STATUS AND INVOICE ID SHOULD BE DELETED HERE (SHOULD BE AUTOMATICLY CALCULATED)
INSERT INTO InvoiceHeader(supplier_id, invoice_id, invoiceStatus_id, date)
VALUES
	(7,1,1,'2021-05-05'),
	(8,2,1,'2020-08-18'),
	(10,3,2,'2021-05-05'),
	(9,4,2,'2021-05-05'),
	(3,5,2,'2021-05-05'),
	(3,6,2,'2021-05-05'),
	(1,7,2,'2021-05-05'),
	(1,8,2,'2021-05-05'),
	(1,9,2,'2021-05-04'),
	(10,10,2,'2021-05-05'),
	(11,11,2,'2021-05-04'),
	(11,12,2,'2021-05-04'),
	(10,13,2,'2021-05-01'),
	(10,14,2,'2021-05-01'),
	(9,15,2,'2021-05-01'),
	(7,16,2,'2021-04-30'),
	(1,17,2,'2021-05-01'),
	(10,18,2,'2021-05-01'),
	(1,19,2,'2021-05-01'),
	(1,20,2,'2021-04-30'),
	(10,21,2,'2021-04-30'),
	(7,22,2,'2021-04-30'),
	(1,23,2,'2021-04-30'),
	(10,24,2,'2021-04-30'),
	(11,25,2,'2021-04-29'),
	(11,26,2,'2021-04-29'),
	(10,27,2,'2021-04-28'),
	(10,28,2,'2021-04-29'),
	(9,29,2,'2021-04-29'),
	(1,30,2,'2021-04-29'),
	(10,31,2,'2021-04-29'),
	(11,32,2,'2021-04-29'),
	(11,33,2,'2021-04-29'),
	(11,34,2,'2021-04-29'),
	(7,35,2,'2021-04-29'),
	(10,36,2,'2021-04-28'),
	(10,37,2,'2021-04-28'),
	(10,38,2,'2021-04-28'),
	(9,39,2,'2021-04-28'),
	(7,40,2,'2021-04-28'),
	(1,41,2,'2021-04-28'),
	(10,42,2,'2021-04-28'),
	(9,43,2,'2021-04-27'),
	(7,44,2,'2021-04-27'),
	(1,45,2,'2021-04-27'),
	(11,46,2,'2021-04-27'),
	(10,47,2,'2021-04-27'),
	(11,48,2,'2021-04-27'),
	(11,49,2,'2021-04-27'),
	(10,50,2,'2021-04-27'),
	(10,51,2,'2021-04-27'),
	(10,52,2,'2021-04-27'),
	(1,53,2,'2021-04-25'),
	(11,54,2,'2021-04-24'),
	(11,55,2,'2021-04-24'),
	(11,56,2,'2021-04-24'),
	(11,57,2,'2021-04-24');




-- BARCODE SHOULD BE DELETED HERE (SHOULD BE AUTOMATICLY CALCULATED)
INSERT INTO Product(barcode, shop_id, product_id, invoice_id, qty, productStatus_id)
VALUES
	(1,1,2016,1,16,2),
	(2,1,4052,1,52,2),
	(3,1,1046,1,46,2),
	(4,1,3107,1,107,2),
	(5,1,3020,1,20,2),
	(6,1,3061,1,61,2),
	(7,1,1123,1,123,2),
	(8,1,1093,1,93,2),
	(9,1,3073,1,73,2),
	(10,1,3102,1,102,2),
	(11,1,3004,1,4,2),
	(12,1,1077,1,77,2),
	(13,1,2027,1,27,2),
	(14,1,4025,1,25,2),
	(15,1,3105,1,105,2),
	(16,1,2126,1,126,2),
	(17,1,88,1,88,2),
	(18,1,4096,1,96,2),
	(19,1,28,1,28,2),
	(20,1,2079,1,79,2),
	(21,1,3103,1,103,2),
	(22,1,3014,1,14,2),
	(23,1,1073,1,73,2),
	(24,1,2040,1,40,2),
	(25,1,2127,1,127,2),
	(26,1,2068,1,68,2),
	(27,1,1044,1,44,2),
	(28,1,4046,1,46,2),
	(29,1,33,1,33,2),
	(30,1,111,1,111,2),
	(31,1,4121,1,121,2),
	(32,1,4111,1,111,2),
	(33,1,51,1,51,2),
	(34,1,1069,1,69,2),
	(35,1,4095,1,95,2),
	(36,1,4013,1,13,2),
	(37,1,2,1,2,2),
	(38,1,1024,1,24,2),
	(39,1,4072,1,72,2),
	(40,1,89,1,89,2),
	(41,1,1003,1,3,2),
	(42,1,3077,1,77,2),
	(43,1,3111,1,111,2),
	(44,1,1095,1,95,2),
	(45,1,3076,1,76,2),
	(46,1,2080,1,80,2),
	(47,1,3063,1,63,2),
	(48,1,4072,1,72,2),
	(49,1,1115,1,115,2),
	(50,1,3110,1,110,2),
	(51,1,4100,1,100,2),
	(52,1,2110,1,110,2),
	(53,1,41,1,41,2),
	(54,1,1068,1,68,2),
	(55,1,27,1,27,2),
	(56,1,2056,1,56,2),
	(57,1,32,1,32,2),
	(58,1,3101,1,101,2),
	(59,1,2043,1,43,2),
	(60,1,11,1,11,2),
	(61,1,3081,1,81,2),
	(62,1,1009,1,9,2),
	(63,1,1121,1,121,2),
	(64,1,16,1,16,2),
	(65,1,4010,1,10,2),
	(66,1,4097,1,97,2),
	(67,1,3119,1,119,2),
	(68,1,3090,1,90,2),
	(69,1,1036,1,36,2),
	(70,1,111,1,111,2),
	(71,1,2083,1,83,2),
	(72,1,2112,1,112,2),
	(73,1,3044,1,44,2),
	(74,1,1126,1,126,2),
	(75,1,2098,1,98,2),
	(76,1,3095,1,95,2),
	(77,1,1045,1,45,2),
	(78,1,2125,1,125,2),
	(79,1,1024,1,24,2),
	(80,1,113,1,113,2),
	(81,1,102,1,102,2),
	(82,1,66,1,66,2),
	(83,1,3078,1,78,2),
	(84,1,4036,1,36,2),
	(85,1,92,1,92,2),
	(86,1,3047,1,47,2),
	(87,1,1007,1,7,2),
	(88,1,4126,1,126,2),
	(89,1,3088,1,88,2),
	(90,1,3008,1,8,2),
	(91,1,3093,1,93,2),
	(92,1,4019,1,19,2),
	(93,1,3041,1,41,2),
	(94,1,2068,1,68,2),
	(95,1,1096,1,96,2),
	(96,1,82,1,82,2),
	(97,1,4018,1,18,2),
	(98,1,64,1,64,2),
	(99,1,1123,1,123,2),
	(100,1,2038,1,38,2),
	(101,1,3005,1,5,2),
	(102,1,2051,1,51,2),
	(103,1,4007,1,7,2),
	(104,1,3062,1,62,2),
	(105,1,1007,1,7,2),
	(106,1,2012,1,12,2),
	(107,1,2065,1,65,2),
	(108,1,2006,1,6,2),
	(109,1,4048,1,48,2),
	(110,1,2026,1,26,2),
	(111,1,1118,1,118,2),
	(112,1,1005,1,5,2),
	(113,1,2076,2,76,2),
	(114,1,2084,2,84,2),
	(115,1,38,2,38,2),
	(116,1,2119,2,119,2),
	(117,1,4043,2,43,2),
	(118,1,4093,2,93,2),
	(119,1,2079,2,79,2),
	(120,1,2053,2,53,2),
	(121,1,1028,2,28,2),
	(122,1,3027,2,27,2),
	(123,1,4095,2,95,2),
	(124,1,1106,2,106,2),
	(125,1,65,2,65,2),
	(126,1,3058,2,58,2),
	(127,1,4079,2,79,2),
	(128,1,3068,2,68,2),
	(129,1,2066,2,66,2),
	(130,1,4055,2,55,2),
	(131,1,33,2,33,2),
	(132,1,34,2,34,2),
	(133,1,1055,2,55,2),
	(134,1,85,2,85,2),
	(135,1,4046,2,46,2),
	(136,1,3121,2,121,2),
	(137,1,2009,2,9,2),
	(138,1,1014,2,14,2),
	(139,1,4077,2,77,2),
	(140,1,4078,2,78,2),
	(141,1,3123,2,123,2),
	(142,1,2107,2,107,2),
	(143,1,4081,2,81,2),
	(144,1,55,2,55,2),
	(145,1,1002,2,2,2),
	(146,1,4069,2,69,2),
	(147,1,76,2,76,2),
	(148,1,1050,2,50,2),
	(149,1,2086,2,86,2),
	(150,1,4069,2,69,2),
	(151,1,4062,2,62,2),
	(152,1,1059,2,59,2),
	(153,1,127,2,127,2),
	(154,1,2042,2,42,2),
	(155,1,1106,2,106,2),
	(156,1,1045,2,45,2),
	(157,1,2093,2,93,2),
	(158,1,2003,2,3,2),
	(159,1,3010,2,10,2),
	(160,1,3114,2,114,2),
	(161,1,1094,2,94,2),
	(162,1,4126,2,126,2),
	(163,1,1102,2,102,2),
	(164,1,4043,2,43,2),
	(165,1,3,2,3,2),
	(166,1,2106,2,106,2),
	(167,1,27,2,27,2),
	(168,1,7,2,7,2),
	(169,1,4046,2,46,2),
	(170,1,49,2,49,2),
	(171,1,2086,2,86,2),
	(172,1,53,2,53,2),
	(173,1,2091,2,91,2),
	(174,1,4009,2,9,2),
	(175,1,3113,2,113,2),
	(176,1,3081,2,81,2),
	(177,1,2063,2,63,2),
	(178,1,2064,2,64,2),
	(179,1,4017,2,17,2),
	(180,1,2062,2,62,2),
	(181,1,3113,2,113,2),
	(182,1,1113,2,113,2),
	(183,1,17,2,17,2),
	(184,1,4127,2,127,2),
	(185,1,3103,2,103,2),
	(186,1,1085,2,85,2),
	(187,1,2007,2,7,2),
	(188,1,3069,2,69,2),
	(189,1,2121,2,121,2),
	(190,1,79,2,79,2),
	(191,1,2033,2,33,2),
	(192,1,1115,2,115,2),
	(193,1,3077,2,77,2),
	(194,1,91,2,91,2),
	(195,1,2070,2,70,2),
	(196,1,3032,2,32,2),
	(197,1,4012,2,12,2),
	(198,1,4104,2,104,2),
	(199,1,63,2,63,2),
	(200,1,4038,2,38,2),
	(201,1,1019,2,19,2),
	(202,1,96,2,96,2),
	(203,1,4020,2,20,2),
	(204,1,59,2,59,2),
	(205,1,1116,2,116,2),
	(206,1,2095,2,95,2),
	(207,1,4102,2,102,2),
	(208,1,2030,2,30,2),
	(209,1,3086,2,86,2),
	(210,1,4020,2,20,2),
	(211,1,76,2,76,2),
	(212,1,1049,2,49,2),
	(213,1,1026,2,26,2),
	(214,1,114,2,114,2),
	(215,1,2031,2,31,2),
	(216,1,2080,2,80,2),
	(217,1,1025,2,25,2),
	(218,1,4088,2,88,2),
	(219,1,2014,2,14,2),
	(220,1,1048,2,48,2),
	(221,1,97,2,97,2),
	(222,1,3114,2,114,2),
	(223,1,2083,2,83,2),
	(224,1,2115,2,115,2),
	(225,1,4125,3,125,2),
	(226,1,27,3,27,2),
	(227,1,1077,3,77,2),
	(228,1,102,3,102,2),
	(229,1,2107,3,107,2),
	(230,1,4059,3,59,2),
	(231,1,3110,3,110,2),
	(232,1,4023,3,23,2),
	(233,1,4010,3,10,2),
	(234,1,3032,3,32,2),
	(235,1,46,3,46,2),
	(236,1,1117,3,117,2),
	(237,1,4098,3,98,2),
	(238,1,1027,3,27,2),
	(239,1,3092,3,92,2),
	(240,1,4013,3,13,2),
	(241,1,1074,3,74,2),
	(242,1,4047,3,47,2),
	(243,1,1071,3,71,2),
	(244,1,3033,3,33,2),
	(245,1,1054,3,54,2),
	(246,1,1035,3,35,2),
	(247,1,2063,3,63,2),
	(248,1,4097,3,97,2),
	(249,1,2061,3,61,2),
	(250,1,64,3,64,2),
	(251,1,1026,3,26,2),
	(252,1,61,3,61,2),
	(253,1,3078,3,78,2),
	(254,1,2002,3,2,2),
	(255,1,1061,3,61,2),
	(256,1,1063,3,63,2),
	(257,1,1037,3,37,2),
	(258,1,1063,3,63,2),
	(259,1,3126,3,126,2),
	(260,1,3110,3,110,2),
	(261,1,4109,3,109,2),
	(262,1,4003,3,3,2),
	(263,1,4066,3,66,2),
	(264,1,1020,3,20,2),
	(265,1,4056,3,56,2),
	(266,1,2043,3,43,2),
	(267,1,4044,3,44,2),
	(268,1,3033,3,33,2),
	(269,1,3011,3,11,2),
	(270,1,3066,3,66,2),
	(271,1,4075,3,75,2),
	(272,1,3115,3,115,2),
	(273,1,3057,3,57,2),
	(274,1,4068,3,68,2),
	(275,1,100,3,100,2),
	(276,1,91,3,91,2),
	(277,1,1030,3,30,2),
	(278,1,4001,3,1,2),
	(279,1,63,3,63,2),
	(280,1,37,3,37,2),
	(281,1,4086,3,86,2),
	(282,1,1095,3,95,2),
	(283,1,117,3,117,2),
	(284,1,4075,3,75,2),
	(285,1,4019,3,19,2),
	(286,1,3123,3,123,2),
	(287,1,2002,3,2,2),
	(288,1,2088,3,88,2),
	(289,1,4090,3,90,2),
	(290,1,2046,3,46,2),
	(291,1,3067,3,67,2),
	(292,1,2011,3,11,2),
	(293,1,2062,3,62,2),
	(294,1,17,3,17,2),
	(295,1,28,3,28,2),
	(296,1,3070,3,70,2),
	(297,1,3079,3,79,2),
	(298,1,4099,3,99,2),
	(299,1,5,3,5,2),
	(300,1,3025,3,25,2),
	(301,1,3096,3,96,2),
	(302,1,1070,3,70,2),
	(303,1,3006,3,6,2),
	(304,1,3103,3,103,2),
	(305,1,2008,3,8,2),
	(306,1,2113,3,113,2),
	(307,1,4066,3,66,2),
	(308,1,102,3,102,2),
	(309,1,57,3,57,2),
	(310,1,1116,3,116,2),
	(311,1,70,3,70,2),
	(312,1,4078,3,78,2),
	(313,1,3009,3,9,2),
	(314,1,4053,3,53,2),
	(315,1,1113,3,113,2),
	(316,1,4027,3,27,2),
	(317,1,3095,3,95,2),
	(318,1,3044,3,44,2),
	(319,1,98,3,98,2),
	(320,1,4043,3,43,2),
	(321,1,3022,3,22,2),
	(322,1,2122,3,122,2),
	(323,1,1017,3,17,2),
	(324,1,4016,3,16,2),
	(325,1,2024,3,24,2),
	(326,1,3024,3,24,2),
	(327,1,3027,3,27,2),
	(328,1,4115,3,115,2),
	(329,1,3045,3,45,2),
	(330,1,3122,3,122,2),
	(331,1,3104,3,104,2),
	(332,1,4073,3,73,2),
	(333,1,3012,3,12,2),
	(334,1,14,3,14,2),
	(335,1,1051,3,51,2),
	(336,1,3044,3,44,2),
	(337,1,1043,4,43,2),
	(338,1,37,4,37,2),
	(339,1,1115,4,115,2),
	(340,1,1110,4,110,2),
	(341,1,1082,4,82,2),
	(342,1,4029,4,29,2),
	(343,1,101,4,101,2),
	(344,1,1014,4,14,2),
	(345,1,3049,4,49,2),
	(346,1,1070,4,70,2),
	(347,1,4009,4,9,2),
	(348,1,3099,4,99,2),
	(349,1,1057,4,57,2),
	(350,1,3,4,3,2),
	(351,1,4051,4,51,2),
	(352,1,1009,4,9,2),
	(353,1,4043,4,43,2),
	(354,1,3017,4,17,2),
	(355,1,1034,4,34,2),
	(356,1,4118,4,118,2),
	(357,1,3116,4,116,2),
	(358,1,3034,4,34,2),
	(359,1,4,4,4,2),
	(360,1,2044,4,44,2),
	(361,1,3087,4,87,2),
	(362,1,4075,4,75,2),
	(363,1,1117,4,117,2),
	(364,1,1063,4,63,2),
	(365,1,2090,4,90,2),
	(366,1,2110,4,110,2),
	(367,1,114,4,114,2),
	(368,1,39,4,39,2),
	(369,1,3092,4,92,2),
	(370,1,64,4,64,2),
	(371,1,30,4,30,2),
	(372,1,4029,4,29,2),
	(373,1,3001,4,1,2),
	(374,1,1044,4,44,2),
	(375,1,44,4,44,2),
	(376,1,1091,4,91,2),
	(377,1,2041,4,41,2),
	(378,1,3009,4,9,2),
	(379,1,3048,4,48,2),
	(380,1,2115,4,115,2),
	(381,1,49,4,49,2),
	(382,1,3081,4,81,2),
	(383,1,1114,4,114,2),
	(384,1,1039,4,39,2),
	(385,1,3047,4,47,2),
	(386,1,3059,4,59,2),
	(387,1,2078,4,78,2),
	(388,1,1026,4,26,2),
	(389,1,4048,4,48,2),
	(390,1,1051,4,51,2),
	(391,1,1089,4,89,2),
	(392,1,3081,4,81,2),
	(393,1,4009,4,9,2),
	(394,1,1067,4,67,2),
	(395,1,3094,4,94,2),
	(396,1,113,4,113,2),
	(397,1,3094,4,94,2),
	(398,1,8,4,8,2),
	(399,1,3030,4,30,2),
	(400,1,2012,4,12,2),
	(401,1,2057,4,57,2),
	(402,1,3070,4,70,2),
	(403,1,4001,4,1,2),
	(404,1,4014,4,14,2),
	(405,1,1055,4,55,2),
	(406,1,2120,4,120,2),
	(407,1,1056,4,56,2),
	(408,1,2109,4,109,2),
	(409,1,63,4,63,2),
	(410,1,1077,4,77,2),
	(411,1,6,4,6,2),
	(412,1,4060,4,60,2),
	(413,1,4095,4,95,2),
	(414,1,4005,4,5,2),
	(415,1,3123,4,123,2),
	(416,1,4043,4,43,2),
	(417,1,3009,4,9,2),
	(418,1,38,4,38,2),
	(419,1,3040,4,40,2),
	(420,1,4108,4,108,2),
	(421,1,4106,4,106,2),
	(422,1,1061,4,61,2),
	(423,1,1124,4,124,2),
	(424,1,1083,4,83,2),
	(425,1,20,4,20,2),
	(426,1,88,4,88,2),
	(427,1,2046,4,46,2),
	(428,1,4013,4,13,2),
	(429,1,1103,4,103,2),
	(430,1,1093,4,93,2),
	(431,1,61,4,61,2),
	(432,1,4084,4,84,2),
	(433,1,46,4,46,2),
	(434,1,3048,4,48,2),
	(435,1,2051,4,51,2),
	(436,1,2114,4,114,2),
	(437,1,102,4,102,2),
	(438,1,3051,4,51,2),
	(439,1,4094,4,94,2),
	(440,1,82,4,82,2),
	(441,1,85,4,85,2),
	(442,1,2099,4,99,2),
	(443,1,2087,4,87,2),
	(444,1,1098,4,98,2),
	(445,1,1067,4,67,2),
	(446,1,3101,4,101,2),
	(447,1,3040,4,40,2),
	(448,1,4026,4,26,2),
	(449,1,2102,5,102,2),
	(450,1,1112,5,112,2),
	(451,1,1123,5,123,2),
	(452,1,105,5,105,2),
	(453,1,2113,5,113,2),
	(454,1,108,5,108,2),
	(455,1,4095,5,95,2),
	(456,1,3066,5,66,2),
	(457,1,4049,5,49,2),
	(458,1,123,5,123,2),
	(459,1,4097,5,97,2),
	(460,1,35,5,35,2),
	(461,1,1,5,1,2),
	(462,1,3109,5,109,2),
	(463,1,4049,5,49,2),
	(464,1,1059,5,59,2),
	(465,1,2013,5,13,2),
	(466,1,3019,5,19,2),
	(467,1,73,5,73,2),
	(468,1,1025,5,25,2),
	(469,1,12,5,12,2),
	(470,1,1122,5,122,2),
	(471,1,4015,5,15,2),
	(472,1,2004,5,4,2),
	(473,1,4065,5,65,2),
	(474,1,50,5,50,2),
	(475,1,1121,5,121,2),
	(476,1,1041,5,41,2),
	(477,1,4016,5,16,2),
	(478,1,1057,5,57,2),
	(479,1,2043,5,43,2),
	(480,1,4020,5,20,2),
	(481,1,1112,5,112,2),
	(482,1,2032,5,32,2),
	(483,1,2071,5,71,2),
	(484,1,4017,5,17,2),
	(485,1,4100,5,100,2),
	(486,1,2035,5,35,2),
	(487,1,4093,5,93,2),
	(488,1,4115,5,115,2),
	(489,1,2011,5,11,2),
	(490,1,1081,5,81,2),
	(491,1,121,5,121,2),
	(492,1,4046,5,46,2),
	(493,1,113,5,113,2),
	(494,1,3008,5,8,2),
	(495,1,1119,5,119,2),
	(496,1,3016,5,16,2),
	(497,1,2057,5,57,2),
	(498,1,2107,5,107,2),
	(499,1,4035,5,35,2),
	(500,1,4096,5,96,2),
	(501,1,2057,5,57,2),
	(502,1,4127,5,127,2),
	(503,1,2018,5,18,2),
	(504,1,4035,5,35,2),
	(505,1,4083,5,83,2),
	(506,1,1057,5,57,2),
	(507,1,4023,5,23,2),
	(508,1,79,5,79,2),
	(509,1,13,5,13,2),
	(510,1,1104,5,104,2),
	(511,1,2105,5,105,2),
	(512,1,1062,5,62,2),
	(513,1,2080,5,80,2),
	(514,1,1047,5,47,2),
	(515,1,63,5,63,2),
	(516,1,3043,5,43,2),
	(517,1,3088,5,88,2),
	(518,1,4006,5,6,2),
	(519,1,1118,5,118,2),
	(520,1,1074,5,74,2),
	(521,1,2059,5,59,2),
	(522,1,34,5,34,2),
	(523,1,1022,5,22,2),
	(524,1,2019,5,19,2),
	(525,1,2018,5,18,2),
	(526,1,1110,5,110,2),
	(527,1,3113,5,113,2),
	(528,1,4100,5,100,2),
	(529,1,2122,5,122,2),
	(530,1,11,5,11,2),
	(531,1,2114,5,114,2),
	(532,1,4053,5,53,2),
	(533,1,2090,5,90,2),
	(534,1,46,5,46,2),
	(535,1,4118,5,118,2),
	(536,1,3064,5,64,2),
	(537,1,4011,5,11,2),
	(538,1,1077,5,77,2),
	(539,1,3122,5,122,2),
	(540,1,4017,5,17,2),
	(541,1,29,5,29,2),
	(542,1,4007,5,7,2),
	(543,1,113,5,113,2),
	(544,1,3038,5,38,2),
	(545,1,1024,5,24,2),
	(546,1,3118,5,118,2),
	(547,1,2067,5,67,2),
	(548,1,50,5,50,2),
	(549,1,3082,5,82,2),
	(550,1,3007,5,7,2),
	(551,1,4022,5,22,2),
	(552,1,39,5,39,2),
	(553,1,2065,5,65,2),
	(554,1,1010,5,10,2),
	(555,1,2029,5,29,2),
	(556,1,36,5,36,2),
	(557,1,111,5,111,2),
	(558,1,10,5,10,2),
	(559,1,4005,5,5,2),
	(560,1,1063,5,63,2),
	(561,1,100,6,100,2),
	(562,1,101,6,101,2),
	(563,1,1020,6,20,2),
	(564,1,4075,6,75,2),
	(565,1,2061,6,61,2),
	(566,1,4115,6,115,2),
	(567,1,61,6,61,2),
	(568,1,3093,6,93,2),
	(569,1,1090,6,90,2),
	(570,1,1103,6,103,2),
	(571,1,4020,6,20,2),
	(572,1,4033,6,33,2),
	(573,1,4098,6,98,2),
	(574,1,86,6,86,2),
	(575,1,3029,6,29,2),
	(576,1,4112,6,112,2),
	(577,1,2060,6,60,2),
	(578,1,4038,6,38,2),
	(579,1,2048,6,48,2),
	(580,1,1099,6,99,2),
	(581,1,6,6,6,2),
	(582,1,2058,6,58,2),
	(583,1,4037,6,37,2),
	(584,1,42,6,42,2),
	(585,1,7,6,7,2),
	(586,1,2050,6,50,2),
	(587,1,4086,6,86,2),
	(588,1,3008,6,8,2),
	(589,1,4077,6,77,2),
	(590,1,114,6,114,2),
	(591,1,4059,6,59,2),
	(592,1,43,6,43,2),
	(593,1,96,6,96,2),
	(594,1,117,6,117,2),
	(595,1,3003,6,3,2),
	(596,1,3123,6,123,2),
	(597,1,3017,6,17,2),
	(598,1,2048,6,48,2),
	(599,1,3078,6,78,2),
	(600,1,3085,6,85,2),
	(601,1,3061,6,61,2),
	(602,1,87,6,87,2),
	(603,1,101,6,101,2),
	(604,1,38,6,38,2),
	(605,1,1110,6,110,2),
	(606,1,2057,6,57,2),
	(607,1,3029,6,29,2),
	(608,1,1031,6,31,2),
	(609,1,2072,6,72,2),
	(610,1,102,6,102,2),
	(611,1,3009,6,9,2),
	(612,1,119,6,119,2),
	(613,1,3021,6,21,2),
	(614,1,3061,6,61,2),
	(615,1,2080,6,80,2),
	(616,1,4118,6,118,2),
	(617,1,22,6,22,2),
	(618,1,3078,6,78,2),
	(619,1,1102,6,102,2),
	(620,1,4018,6,18,2),
	(621,1,3041,6,41,2),
	(622,1,4010,6,10,2),
	(623,1,58,6,58,2),
	(624,1,3118,6,118,2),
	(625,1,1011,6,11,2),
	(626,1,1094,6,94,2),
	(627,1,89,6,89,2),
	(628,1,2099,6,99,2),
	(629,1,42,6,42,2),
	(630,1,107,6,107,2),
	(631,1,2115,6,115,2),
	(632,1,2103,6,103,2),
	(633,1,1125,6,125,2),
	(634,1,4010,6,10,2),
	(635,1,2037,6,37,2),
	(636,1,4040,6,40,2),
	(637,1,4115,6,115,2),
	(638,1,4091,6,91,2),
	(639,1,1079,6,79,2),
	(640,1,2017,6,17,2),
	(641,1,1067,6,67,2),
	(642,1,3034,6,34,2),
	(643,1,44,6,44,2),
	(644,1,2056,6,56,2),
	(645,1,4019,6,19,2),
	(646,1,2005,6,5,2),
	(647,1,3112,6,112,2),
	(648,1,2029,6,29,2),
	(649,1,3003,6,3,2),
	(650,1,2038,6,38,2),
	(651,1,3118,6,118,2),
	(652,1,4114,6,114,2),
	(653,1,4107,6,107,2),
	(654,1,28,6,28,2),
	(655,1,4015,6,15,2),
	(656,1,2049,6,49,2),
	(657,1,2092,6,92,2),
	(658,1,3091,6,91,2),
	(659,1,3003,6,3,2),
	(660,1,4084,6,84,2),
	(661,1,3113,6,113,2),
	(662,1,2049,6,49,2),
	(663,1,15,6,15,2),
	(664,1,2112,6,112,2),
	(665,1,4091,6,91,2),
	(666,1,2046,6,46,2),
	(667,1,3045,6,45,2),
	(668,1,1078,6,78,2),
	(669,1,2049,6,49,2),
	(670,1,2100,6,100,2),
	(671,1,3127,6,127,2),
	(672,1,3059,6,59,2),
	(673,1,2091,7,91,2),
	(674,1,4012,7,12,2),
	(675,1,4049,7,49,2),
	(676,1,3067,7,67,2),
	(677,1,3103,7,103,2),
	(678,1,46,7,46,2),
	(679,1,1078,7,78,2),
	(680,1,3083,7,83,2),
	(681,1,2029,7,29,2),
	(682,1,3043,7,43,2),
	(683,1,4017,7,17,2),
	(684,1,2110,7,110,2),
	(685,1,4057,7,57,2),
	(686,1,57,7,57,2),
	(687,1,50,7,50,2),
	(688,1,3084,7,84,2),
	(689,1,4070,7,70,2),
	(690,1,48,7,48,2),
	(691,1,1102,7,102,2),
	(692,1,1122,7,122,2),
	(693,1,2106,7,106,2),
	(694,1,1101,7,101,2),
	(695,1,82,7,82,2),
	(696,1,4126,7,126,2),
	(697,1,89,7,89,2),
	(698,1,2081,7,81,2),
	(699,1,117,7,117,2),
	(700,1,1105,7,105,2),
	(701,1,4004,7,4,2),
	(702,1,4007,7,7,2),
	(703,1,2078,7,78,2),
	(704,1,1059,7,59,2),
	(705,1,3061,7,61,2),
	(706,1,97,7,97,2),
	(707,1,3080,7,80,2),
	(708,1,1083,7,83,2),
	(709,1,2045,7,45,2),
	(710,1,3035,7,35,2),
	(711,1,1120,7,120,2),
	(712,1,4042,7,42,2),
	(713,1,4056,7,56,2),
	(714,1,3124,7,124,2),
	(715,1,1061,7,61,2),
	(716,1,2081,7,81,2),
	(717,1,41,7,41,2),
	(718,1,3050,7,50,2),
	(719,1,44,7,44,2),
	(720,1,3027,7,27,2),
	(721,1,1101,7,101,2),
	(722,1,2096,7,96,2),
	(723,1,2024,7,24,2),
	(724,1,4023,7,23,2),
	(725,1,16,7,16,2),
	(726,1,3005,7,5,2),
	(727,1,39,7,39,2),
	(728,1,4122,7,122,2),
	(729,1,4063,7,63,2),
	(730,1,1008,7,8,2),
	(731,1,3049,7,49,2),
	(732,1,2076,7,76,2),
	(733,1,2088,7,88,2),
	(734,1,100,7,100,2),
	(735,1,1072,7,72,2),
	(736,1,3124,7,124,2),
	(737,1,1022,7,22,2),
	(738,1,23,7,23,2),
	(739,1,3122,7,122,2),
	(740,1,1060,7,60,2),
	(741,1,1006,7,6,2),
	(742,1,4008,7,8,2),
	(743,1,4019,7,19,2),
	(744,1,18,7,18,2),
	(745,1,4005,7,5,2),
	(746,1,3097,7,97,2),
	(747,1,2119,7,119,2),
	(748,1,4087,7,87,2),
	(749,1,3118,7,118,2),
	(750,1,55,7,55,2),
	(751,1,3064,7,64,2),
	(752,1,3109,7,109,2),
	(753,1,4021,7,21,2),
	(754,1,3050,7,50,2),
	(755,1,80,7,80,2),
	(756,1,4047,7,47,2),
	(757,1,2073,7,73,2),
	(758,1,2120,7,120,2),
	(759,1,2107,7,107,2),
	(760,1,1125,7,125,2),
	(761,1,3051,7,51,2),
	(762,1,2016,7,16,2),
	(763,1,4009,7,9,2),
	(764,1,1060,7,60,2),
	(765,1,4042,7,42,2),
	(766,1,4090,7,90,2),
	(767,1,93,7,93,2),
	(768,1,125,7,125,2),
	(769,1,4078,7,78,2),
	(770,1,3002,7,2,2),
	(771,1,2018,7,18,2),
	(772,1,3127,7,127,2),
	(773,1,3106,7,106,2),
	(774,1,2069,7,69,2),
	(775,1,3035,7,35,2),
	(776,1,3042,7,42,2),
	(777,1,3013,7,13,2),
	(778,1,2051,7,51,2),
	(779,1,1124,7,124,2),
	(780,1,59,7,59,2),
	(781,1,2015,7,15,2),
	(782,1,93,7,93,2),
	(783,1,15,7,15,2),
	(784,1,3044,7,44,2),
	(785,1,1056,8,56,2),
	(786,1,42,8,42,2),
	(787,1,63,8,63,2),
	(788,1,4033,8,33,2),
	(789,1,1101,8,101,2),
	(790,1,4056,8,56,2),
	(791,1,1018,8,18,2),
	(792,1,4115,8,115,2),
	(793,1,3019,8,19,2),
	(794,1,4024,8,24,2),
	(795,1,4095,8,95,2),
	(796,1,3102,8,102,2),
	(797,1,3086,8,86,2),
	(798,1,4050,8,50,2),
	(799,1,4102,8,102,2),
	(800,1,2028,8,28,2),
	(801,1,1105,8,105,2),
	(802,1,1070,8,70,2),
	(803,1,1029,8,29,2),
	(804,1,2017,8,17,2),
	(805,1,2048,8,48,2),
	(806,1,4006,8,6,2),
	(807,1,3049,8,49,2),
	(808,1,1053,8,53,2),
	(809,1,4087,8,87,2),
	(810,1,119,8,119,2),
	(811,1,40,8,40,2),
	(812,1,2118,8,118,2),
	(813,1,85,8,85,2),
	(814,1,2090,8,90,2),
	(815,1,4025,8,25,2),
	(816,1,2118,8,118,2),
	(817,1,4030,8,30,2),
	(818,1,1050,8,50,2),
	(819,1,4126,8,126,2),
	(820,1,1049,8,49,2),
	(821,1,1049,8,49,2),
	(822,1,41,8,41,2),
	(823,1,4071,8,71,2),
	(824,1,9,8,9,2),
	(825,1,76,8,76,2),
	(826,1,114,8,114,2),
	(827,1,1017,8,17,2),
	(828,1,2,8,2,2),
	(829,1,1086,8,86,2),
	(830,1,4090,8,90,2),
	(831,1,2013,8,13,2),
	(832,1,3055,8,55,2),
	(833,1,98,8,98,2),
	(834,1,93,8,93,2),
	(835,1,4124,8,124,2),
	(836,1,106,8,106,2),
	(837,1,4110,8,110,2),
	(838,1,2091,8,91,2),
	(839,1,4054,8,54,2),
	(840,1,46,8,46,2),
	(841,1,46,8,46,2),
	(842,1,52,8,52,2),
	(843,1,2104,8,104,2),
	(844,1,4079,8,79,2),
	(845,1,2103,8,103,2),
	(846,1,1071,8,71,2),
	(847,1,4028,8,28,2),
	(848,1,70,8,70,2),
	(849,1,4072,8,72,2),
	(850,1,4090,8,90,2),
	(851,1,35,8,35,2),
	(852,1,2036,8,36,2),
	(853,1,2004,8,4,2),
	(854,1,4117,8,117,2),
	(855,1,4020,8,20,2),
	(856,1,2111,8,111,2),
	(857,1,3096,8,96,2),
	(858,1,4054,8,54,2),
	(859,1,24,8,24,2),
	(860,1,2108,8,108,2),
	(861,1,3054,8,54,2),
	(862,1,11,8,11,2),
	(863,1,119,8,119,2),
	(864,1,2030,8,30,2),
	(865,1,4014,8,14,2),
	(866,1,2036,8,36,2),
	(867,1,2061,8,61,2),
	(868,1,75,8,75,2),
	(869,1,2096,8,96,2),
	(870,1,4089,8,89,2),
	(871,1,2018,8,18,2),
	(872,1,2092,8,92,2),
	(873,1,40,8,40,2),
	(874,1,73,8,73,2),
	(875,1,94,8,94,2),
	(876,1,3020,8,20,2),
	(877,1,2092,8,92,2),
	(878,1,4055,8,55,2),
	(879,1,24,8,24,2),
	(880,1,2117,8,117,2),
	(881,1,65,8,65,2),
	(882,1,73,8,73,2),
	(883,1,3007,8,7,2),
	(884,1,3105,8,105,2),
	(885,1,4060,8,60,2),
	(886,1,3046,8,46,2),
	(887,1,3002,8,2,2),
	(888,1,4087,8,87,2),
	(889,1,1027,8,27,2),
	(890,1,22,8,22,2),
	(891,1,1087,8,87,2),
	(892,1,4010,8,10,2),
	(893,1,3106,8,106,2),
	(894,1,2101,8,101,2),
	(895,1,1043,8,43,2),
	(896,1,1039,8,39,2),
	(897,1,108,9,108,2),
	(898,1,1012,9,12,2),
	(899,1,4018,9,18,2),
	(900,1,2079,9,79,2),
	(901,1,3105,9,105,2),
	(902,1,2117,9,117,2),
	(903,1,1025,9,25,2),
	(904,1,1040,9,40,2),
	(905,1,1009,9,9,2),
	(906,1,32,9,32,2),
	(907,1,50,9,50,2),
	(908,1,3027,9,27,2),
	(909,1,3057,9,57,2),
	(910,1,4125,9,125,2),
	(911,1,2059,9,59,2),
	(912,1,2080,9,80,2),
	(913,1,1085,9,85,2),
	(914,1,1116,9,116,2),
	(915,1,68,9,68,2),
	(916,1,47,9,47,2),
	(917,1,75,9,75,2),
	(918,1,4111,9,111,2),
	(919,1,1103,9,103,2),
	(920,1,3095,9,95,2),
	(921,1,4009,9,9,2),
	(922,1,4042,9,42,2),
	(923,1,1127,9,127,2),
	(924,1,2081,9,81,2),
	(925,1,4125,9,125,2),
	(926,1,4073,9,73,2),
	(927,1,1088,9,88,2),
	(928,1,3055,9,55,2),
	(929,1,102,9,102,2),
	(930,1,4082,9,82,2),
	(931,1,1087,9,87,2),
	(932,1,4020,9,20,2),
	(933,1,4018,9,18,2),
	(934,1,2127,9,127,2),
	(935,1,110,9,110,2),
	(936,1,113,9,113,2),
	(937,1,1035,9,35,2),
	(938,1,83,9,83,2),
	(939,1,4085,9,85,2),
	(940,1,2046,9,46,2),
	(941,1,1100,9,100,2),
	(942,1,3054,9,54,2),
	(943,1,1056,9,56,2),
	(944,1,2071,9,71,2),
	(945,1,1014,9,14,2),
	(946,1,2126,9,126,2),
	(947,1,1023,9,23,2),
	(948,1,4019,9,19,2),
	(949,1,3062,9,62,2),
	(950,1,2101,9,101,2),
	(951,1,3065,9,65,2),
	(952,1,108,9,108,2),
	(953,1,2093,9,93,2),
	(954,1,2022,9,22,2),
	(955,1,4010,9,10,2),
	(956,1,3090,9,90,2),
	(957,1,4078,9,78,2),
	(958,1,1111,9,111,2),
	(959,1,2008,9,8,2),
	(960,1,45,9,45,2),
	(961,1,3010,9,10,2),
	(962,1,1077,9,77,2),
	(963,1,3102,9,102,2),
	(964,1,25,9,25,2),
	(965,1,1009,9,9,2),
	(966,1,1127,9,127,2),
	(967,1,1088,9,88,2),
	(968,1,1079,9,79,2),
	(969,1,3015,9,15,2),
	(970,1,4081,9,81,2),
	(971,1,3082,9,82,2),
	(972,1,1053,9,53,2),
	(973,1,4076,9,76,2),
	(974,1,3010,9,10,2),
	(975,1,1105,9,105,2),
	(976,1,16,9,16,2),
	(977,1,1116,9,116,2),
	(978,1,124,9,124,2),
	(979,1,1030,9,30,2),
	(980,1,3059,9,59,2),
	(981,1,4068,9,68,2),
	(982,1,1008,9,8,2),
	(983,1,123,9,123,2),
	(984,1,2040,9,40,2),
	(985,1,2087,9,87,2),
	(986,1,3013,9,13,2),
	(987,1,1094,9,94,2),
	(988,1,2009,9,9,2),
	(989,1,3016,9,16,2),
	(990,1,3009,9,9,2),
	(991,1,81,9,81,2),
	(992,1,1064,9,64,2),
	(993,1,1118,9,118,2),
	(994,1,3098,9,98,2),
	(995,1,3085,9,85,2),
	(996,1,64,9,64,2),
	(997,1,3013,9,13,2),
	(998,1,2032,9,32,2);

INSERT INTO Product(barcode, shop_id, product_id, invoice_id, qty, productStatus_id)
VALUES
	(999,1,2068,9,68,2),
	(1000,1,1126,9,126,2),
	(1001,1,4077,9,77,2),
	(1002,1,4051,9,51,2),
	(1003,1,2026,9,26,2),
	(1004,1,1016,9,16,2),
	(1005,1,77,9,77,2),
	(1006,1,3033,9,33,2),
	(1007,1,4063,9,63,2),
	(1008,1,4019,9,19,2),
	(1009,1,2040,10,40,2),
	(1010,1,116,10,116,2),
	(1011,1,1119,10,119,2),
	(1012,1,49,10,49,2),
	(1013,1,2036,10,36,2),
	(1014,1,4056,10,56,2),
	(1015,1,1125,10,125,2),
	(1016,1,2127,10,127,2),
	(1017,1,4058,10,58,2),
	(1018,1,4103,10,103,2),
	(1019,1,4101,10,101,2),
	(1020,1,1078,10,78,2),
	(1021,1,75,10,75,2),
	(1022,1,2029,10,29,2),
	(1023,1,4127,10,127,2),
	(1024,1,49,10,49,2),
	(1025,1,30,10,30,2),
	(1026,1,1106,10,106,2),
	(1027,1,1015,10,15,2),
	(1028,1,1093,10,93,2),
	(1029,1,105,10,105,2),
	(1030,1,3045,10,45,2),
	(1031,1,2001,10,1,2),
	(1032,1,3085,10,85,2),
	(1033,1,9,10,9,2),
	(1034,1,2018,10,18,2),
	(1035,1,1050,10,50,2),
	(1036,1,3041,10,41,2),
	(1037,1,4083,10,83,2),
	(1038,1,4110,10,110,2),
	(1039,1,4029,10,29,2),
	(1040,1,4006,10,6,2),
	(1041,1,1044,10,44,2),
	(1042,1,1023,10,23,2),
	(1043,1,4074,10,74,2),
	(1044,1,4099,10,99,2),
	(1045,1,1010,10,10,2),
	(1046,1,103,10,103,2),
	(1047,1,4087,10,87,2),
	(1048,1,55,10,55,2),
	(1049,1,3123,10,123,2),
	(1050,1,2011,10,11,2),
	(1051,1,7,10,7,2),
	(1052,1,1060,10,60,2),
	(1053,1,1105,10,105,2),
	(1054,1,2055,10,55,2),
	(1055,1,2127,10,127,2),
	(1056,1,3079,10,79,2),
	(1057,1,2066,10,66,2),
	(1058,1,3087,10,87,2),
	(1059,1,2040,10,40,2),
	(1060,1,1065,10,65,2),
	(1061,1,2021,10,21,2),
	(1062,1,2116,10,116,2),
	(1063,1,4066,10,66,2),
	(1064,1,7,10,7,2),
	(1065,1,4092,10,92,2),
	(1066,1,2070,10,70,2),
	(1067,1,3111,10,111,2),
	(1068,1,4037,10,37,2),
	(1069,1,4044,10,44,2),
	(1070,1,4008,10,8,2),
	(1071,1,3089,10,89,2),
	(1072,1,1070,10,70,2),
	(1073,1,3053,10,53,2),
	(1074,1,1081,10,81,2),
	(1075,1,9,10,9,2),
	(1076,1,2027,10,27,2),
	(1077,1,92,10,92,2),
	(1078,1,1075,10,75,2),
	(1079,1,2115,10,115,2),
	(1080,1,87,10,87,2),
	(1081,1,4115,10,115,2),
	(1082,1,1098,10,98,2),
	(1083,1,3106,10,106,2),
	(1084,1,2018,10,18,2),
	(1085,1,3048,10,48,2),
	(1086,1,62,10,62,2),
	(1087,1,1095,10,95,2),
	(1088,1,1124,10,124,2),
	(1089,1,3102,10,102,2),
	(1090,1,67,10,67,2),
	(1091,1,1062,10,62,2),
	(1092,1,6,10,6,2),
	(1093,1,1116,10,116,2),
	(1094,1,1033,10,33,2),
	(1095,1,2108,10,108,2),
	(1096,1,31,10,31,2),
	(1097,1,3086,10,86,2),
	(1098,1,2071,10,71,2),
	(1099,1,1111,10,111,2),
	(1100,1,4119,10,119,2),
	(1101,1,2023,10,23,2),
	(1102,1,3055,10,55,2),
	(1103,1,3082,10,82,2),
	(1104,1,1100,10,100,2),
	(1105,1,4040,10,40,2),
	(1106,1,4018,10,18,2),
	(1107,1,34,10,34,2),
	(1108,1,86,10,86,2),
	(1109,1,3029,10,29,2),
	(1110,1,4079,10,79,2),
	(1111,1,4077,10,77,2),
	(1112,1,2048,10,48,2),
	(1113,1,2022,10,22,2),
	(1114,1,47,10,47,2),
	(1115,1,4097,10,97,2),
	(1116,1,2079,10,79,2),
	(1117,1,1003,10,3,2),
	(1118,1,4089,10,89,2),
	(1119,1,1090,10,90,2),
	(1120,1,4118,10,118,2),
	(1121,1,17,11,17,2),
	(1122,1,3007,11,7,2),
	(1123,1,63,11,63,2),
	(1124,1,2061,11,61,2),
	(1125,1,120,11,120,2),
	(1126,1,2033,11,33,2),
	(1127,1,2126,11,126,2),
	(1128,1,2027,11,27,2),
	(1129,1,1068,11,68,2),
	(1130,1,3001,11,1,2),
	(1131,1,4074,11,74,2),
	(1132,1,121,11,121,2),
	(1133,1,4037,11,37,2),
	(1134,1,120,11,120,2),
	(1135,1,3121,11,121,2),
	(1136,1,3091,11,91,2),
	(1137,1,15,11,15,2),
	(1138,1,4011,11,11,2),
	(1139,1,4108,11,108,2),
	(1140,1,2098,11,98,2),
	(1141,1,4100,11,100,2),
	(1142,1,2033,11,33,2),
	(1143,1,2098,11,98,2),
	(1144,1,2038,11,38,2),
	(1145,1,3013,11,13,2),
	(1146,1,98,11,98,2),
	(1147,1,2025,11,25,2),
	(1148,1,2112,11,112,2),
	(1149,1,1080,11,80,2),
	(1150,1,2086,11,86,2),
	(1151,1,2032,11,32,2),
	(1152,1,2005,11,5,2),
	(1153,1,1033,11,33,2),
	(1154,1,2080,11,80,2),
	(1155,1,3006,11,6,2),
	(1156,1,1078,11,78,2),
	(1157,1,3071,11,71,2),
	(1158,1,1068,11,68,2),
	(1159,1,3051,11,51,2),
	(1160,1,2121,11,121,2),
	(1161,1,4040,11,40,2),
	(1162,1,75,11,75,2),
	(1163,1,1053,11,53,2),
	(1164,1,2006,11,6,2),
	(1165,1,4092,11,92,2),
	(1166,1,3044,11,44,2),
	(1167,1,88,11,88,2),
	(1168,1,1018,11,18,2),
	(1169,1,3039,11,39,2),
	(1170,1,3011,11,11,2),
	(1171,1,2041,11,41,2),
	(1172,1,2114,11,114,2),
	(1173,1,4005,11,5,2),
	(1174,1,3112,11,112,2),
	(1175,1,36,11,36,2),
	(1176,1,2120,11,120,2),
	(1177,1,4013,11,13,2),
	(1178,1,1085,11,85,2),
	(1179,1,8,11,8,2),
	(1180,1,3029,11,29,2),
	(1181,1,2048,11,48,2),
	(1182,1,4069,11,69,2),
	(1183,1,3087,11,87,2),
	(1184,1,3090,11,90,2),
	(1185,1,109,11,109,2),
	(1186,1,4113,11,113,2),
	(1187,1,1052,11,52,2),
	(1188,1,74,11,74,2),
	(1189,1,37,11,37,2),
	(1190,1,2008,11,8,2),
	(1191,1,2085,11,85,2),
	(1192,1,108,11,108,2),
	(1193,1,1119,11,119,2),
	(1194,1,1081,11,81,2),
	(1195,1,1112,11,112,2),
	(1196,1,52,11,52,2),
	(1197,1,1066,11,66,2),
	(1198,1,1019,11,19,2),
	(1199,1,2060,11,60,2),
	(1200,1,2065,11,65,2),
	(1201,1,3078,11,78,2),
	(1202,1,3044,11,44,2),
	(1203,1,1081,11,81,2),
	(1204,1,2113,11,113,2),
	(1205,1,3067,11,67,2),
	(1206,1,2099,11,99,2),
	(1207,1,3068,11,68,2),
	(1208,1,3119,11,119,2),
	(1209,1,3012,11,12,2),
	(1210,1,3012,11,12,2),
	(1211,1,2012,11,12,2),
	(1212,1,4070,11,70,2),
	(1213,1,1018,11,18,2),
	(1214,1,3083,11,83,2),
	(1215,1,83,11,83,2),
	(1216,1,1084,11,84,2),
	(1217,1,3042,11,42,2),
	(1218,1,3108,11,108,2),
	(1219,1,1087,11,87,2),
	(1220,1,83,11,83,2),
	(1221,1,3031,11,31,2),
	(1222,1,4030,11,30,2),
	(1223,1,2055,11,55,2),
	(1224,1,1122,11,122,2),
	(1225,1,3096,11,96,2),
	(1226,1,1080,11,80,2),
	(1227,1,1120,11,120,2),
	(1228,1,1067,11,67,2),
	(1229,1,4122,11,122,2),
	(1230,1,25,11,25,2),
	(1231,1,3096,11,96,2),
	(1232,1,1025,11,25,2),
	(1233,1,2054,12,54,2),
	(1234,1,2116,12,116,2),
	(1235,1,4050,12,50,2),
	(1236,1,1047,12,47,2),
	(1237,1,3100,12,100,2),
	(1238,1,1060,12,60,2),
	(1239,1,4087,12,87,2),
	(1240,1,2099,12,99,2),
	(1241,1,3121,12,121,2),
	(1242,1,3118,12,118,2),
	(1243,1,70,12,70,2),
	(1244,1,2048,12,48,2),
	(1245,1,1010,12,10,2),
	(1246,1,3091,12,91,2),
	(1247,1,1070,12,70,2),
	(1248,1,1025,12,25,2),
	(1249,1,2091,12,91,2),
	(1250,1,2042,12,42,2),
	(1251,1,43,12,43,2),
	(1252,1,29,12,29,2),
	(1253,1,3008,12,8,2),
	(1254,1,2025,12,25,2),
	(1255,1,37,12,37,2),
	(1256,1,3044,12,44,2),
	(1257,1,2093,12,93,2),
	(1258,1,1022,12,22,2),
	(1259,1,2113,12,113,2),
	(1260,1,2012,12,12,2),
	(1261,1,2061,12,61,2),
	(1262,1,3076,12,76,2),
	(1263,1,4029,12,29,2),
	(1264,1,3058,12,58,2),
	(1265,1,1122,12,122,2),
	(1266,1,38,12,38,2),
	(1267,1,79,12,79,2),
	(1268,1,125,12,125,2),
	(1269,1,1055,12,55,2),
	(1270,1,2126,12,126,2),
	(1271,1,3058,12,58,2),
	(1272,1,1068,12,68,2),
	(1273,1,1,12,1,2),
	(1274,1,2116,12,116,2),
	(1275,1,117,12,117,2),
	(1276,1,1126,12,126,2),
	(1277,1,4055,12,55,2),
	(1278,1,1045,12,45,2),
	(1279,1,2029,12,29,2),
	(1280,1,4087,12,87,2),
	(1281,1,2049,12,49,2),
	(1282,1,4008,12,8,2),
	(1283,1,1108,12,108,2),
	(1284,1,1033,12,33,2),
	(1285,1,2011,12,11,2),
	(1286,1,2118,12,118,2),
	(1287,1,1051,12,51,2),
	(1288,1,3106,12,106,2),
	(1289,1,1074,12,74,2),
	(1290,1,1046,12,46,2),
	(1291,1,3095,12,95,2),
	(1292,1,61,12,61,2),
	(1293,1,3124,12,124,2),
	(1294,1,4097,12,97,2),
	(1295,1,1071,12,71,2),
	(1296,1,3092,12,92,2),
	(1297,1,4093,12,93,2),
	(1298,1,1036,12,36,2),
	(1299,1,3009,12,9,2),
	(1300,1,3062,12,62,2),
	(1301,1,1062,12,62,2),
	(1302,1,3055,12,55,2),
	(1303,1,1098,12,98,2),
	(1304,1,4111,12,111,2),
	(1305,1,1108,12,108,2),
	(1306,1,3090,12,90,2),
	(1307,1,1044,12,44,2),
	(1308,1,3016,12,16,2),
	(1309,1,2083,12,83,2),
	(1310,1,2106,12,106,2),
	(1311,1,3077,12,77,2),
	(1312,1,2016,12,16,2),
	(1313,1,2106,12,106,2),
	(1314,1,3005,12,5,2),
	(1315,1,19,12,19,2),
	(1316,1,1030,12,30,2),
	(1317,1,2035,12,35,2),
	(1318,1,3075,12,75,2),
	(1319,1,4085,12,85,2),
	(1320,1,1119,12,119,2),
	(1321,1,2024,12,24,2),
	(1322,1,5,12,5,2),
	(1323,1,2014,12,14,2),
	(1324,1,3033,12,33,2),
	(1325,1,4101,12,101,2),
	(1326,1,2094,12,94,2),
	(1327,1,2119,12,119,2),
	(1328,1,4089,12,89,2),
	(1329,1,2109,12,109,2),
	(1330,1,4022,12,22,2),
	(1331,1,1035,12,35,2),
	(1332,1,3056,12,56,2),
	(1333,1,1096,12,96,2),
	(1334,1,3041,12,41,2),
	(1335,1,62,12,62,2),
	(1336,1,3084,12,84,2),
	(1337,1,3039,12,39,2),
	(1338,1,1099,12,99,2),
	(1339,1,4068,12,68,2),
	(1340,1,4041,12,41,2),
	(1341,1,118,12,118,2),
	(1342,1,4120,12,120,2),
	(1343,1,4009,12,9,2),
	(1344,1,4020,12,20,2),
	(1345,1,2082,13,82,2),
	(1346,1,2006,13,6,2),
	(1347,1,4035,13,35,2),
	(1348,1,3127,13,127,2),
	(1349,1,4039,13,39,2),
	(1350,1,2060,13,60,2),
	(1351,1,1002,13,2,2),
	(1352,1,1056,13,56,2),
	(1353,1,124,13,124,2),
	(1354,1,48,13,48,2),
	(1355,1,1009,13,9,2),
	(1356,1,2118,13,118,2),
	(1357,1,3109,13,109,2),
	(1358,1,3004,13,4,2),
	(1359,1,4064,13,64,2),
	(1360,1,117,13,117,2),
	(1361,1,70,13,70,2),
	(1362,1,3086,13,86,2),
	(1363,1,1090,13,90,2),
	(1364,1,1029,13,29,2),
	(1365,1,3086,13,86,2),
	(1366,1,1124,13,124,2),
	(1367,1,2096,13,96,2),
	(1368,1,7,13,7,2),
	(1369,1,1096,13,96,2),
	(1370,1,115,13,115,2),
	(1371,1,1072,13,72,2),
	(1372,1,36,13,36,2),
	(1373,1,2027,13,27,2),
	(1374,1,3036,13,36,2),
	(1375,1,126,13,126,2),
	(1376,1,28,13,28,2),
	(1377,1,3061,13,61,2),
	(1378,1,3009,13,9,2),
	(1379,1,1099,13,99,2),
	(1380,1,3081,13,81,2),
	(1381,1,3039,13,39,2),
	(1382,1,2071,13,71,2),
	(1383,1,2094,13,94,2),
	(1384,1,4064,13,64,2),
	(1385,1,2029,13,29,2),
	(1386,1,4070,13,70,2),
	(1387,1,3117,13,117,2),
	(1388,1,3038,13,38,2),
	(1389,1,4116,13,116,2),
	(1390,1,112,13,112,2),
	(1391,1,62,13,62,2),
	(1392,1,83,13,83,2),
	(1393,1,4071,13,71,2),
	(1394,1,2023,13,23,2),
	(1395,1,1059,13,59,2),
	(1396,1,127,13,127,2),
	(1397,1,49,13,49,2),
	(1398,1,4003,13,3,2),
	(1399,1,2103,13,103,2),
	(1400,1,4087,13,87,2),
	(1401,1,4022,13,22,2),
	(1402,1,4019,13,19,2),
	(1403,1,1005,13,5,2),
	(1404,1,2026,13,26,2),
	(1405,1,57,13,57,2),
	(1406,1,4109,13,109,2),
	(1407,1,122,13,122,2),
	(1408,1,2076,13,76,2),
	(1409,1,4103,13,103,2),
	(1410,1,82,13,82,2),
	(1411,1,2100,13,100,2),
	(1412,1,3022,13,22,2),
	(1413,1,1040,13,40,2),
	(1414,1,47,13,47,2),
	(1415,1,4100,13,100,2),
	(1416,1,2091,13,91,2),
	(1417,1,4097,13,97,2),
	(1418,1,2077,13,77,2),
	(1419,1,93,13,93,2),
	(1420,1,1107,13,107,2),
	(1421,1,1115,13,115,2),
	(1422,1,1050,13,50,2),
	(1423,1,3027,13,27,2),
	(1424,1,1081,13,81,2),
	(1425,1,2082,13,82,2),
	(1426,1,4059,13,59,2),
	(1427,1,54,13,54,2),
	(1428,1,1001,13,1,2),
	(1429,1,2112,13,112,2),
	(1430,1,69,13,69,2),
	(1431,1,2087,13,87,2),
	(1432,1,2023,13,23,2),
	(1433,1,2088,13,88,2),
	(1434,1,75,13,75,2),
	(1435,1,3121,13,121,2),
	(1436,1,3030,13,30,2),
	(1437,1,2042,13,42,2),
	(1438,1,2070,13,70,2),
	(1439,1,3079,13,79,2),
	(1440,1,4088,13,88,2),
	(1441,1,1001,13,1,2),
	(1442,1,3034,13,34,2),
	(1443,1,2014,13,14,2),
	(1444,1,90,13,90,2),
	(1445,1,4123,13,123,2),
	(1446,1,4057,13,57,2),
	(1447,1,4081,13,81,2),
	(1448,1,2064,13,64,2),
	(1449,1,36,13,36,2),
	(1450,1,2023,13,23,2),
	(1451,1,4018,13,18,2),
	(1452,1,2030,13,30,2),
	(1453,1,1029,13,29,2),
	(1454,1,3071,13,71,2),
	(1455,1,65,13,65,2),
	(1456,1,1059,13,59,2),
	(1457,1,4111,14,111,2),
	(1458,1,3028,14,28,2),
	(1459,1,3019,14,19,2),
	(1460,1,1049,14,49,2),
	(1461,1,4123,14,123,2),
	(1462,1,2070,14,70,2),
	(1463,1,3114,14,114,2),
	(1464,1,4017,14,17,2),
	(1465,1,79,14,79,2),
	(1466,1,1,14,1,2),
	(1467,1,1074,14,74,2),
	(1468,1,50,14,50,2),
	(1469,1,4039,14,39,2),
	(1470,1,1014,14,14,2),
	(1471,1,4104,14,104,2),
	(1472,1,3115,14,115,2),
	(1473,1,88,14,88,2),
	(1474,1,26,14,26,2),
	(1475,1,2065,14,65,2),
	(1476,1,3015,14,15,2),
	(1477,1,4097,14,97,2),
	(1478,1,3110,14,110,2),
	(1479,1,6,14,6,2),
	(1480,1,2117,14,117,2),
	(1481,1,3035,14,35,2),
	(1482,1,3018,14,18,2),
	(1483,1,1040,14,40,2),
	(1484,1,2016,14,16,2),
	(1485,1,4075,14,75,2),
	(1486,1,3040,14,40,2),
	(1487,1,1003,14,3,2),
	(1488,1,49,14,49,2),
	(1489,1,2043,14,43,2),
	(1490,1,117,14,117,2),
	(1491,1,4066,14,66,2),
	(1492,1,2083,14,83,2),
	(1493,1,68,14,68,2),
	(1494,1,2024,14,24,2),
	(1495,1,1027,14,27,2),
	(1496,1,1031,14,31,2),
	(1497,1,10,14,10,2),
	(1498,1,4127,14,127,2),
	(1499,1,4004,14,4,2),
	(1500,1,2107,14,107,2),
	(1501,1,1101,14,101,2),
	(1502,1,2003,14,3,2),
	(1503,1,1018,14,18,2),
	(1504,1,1099,14,99,2),
	(1505,1,1028,14,28,2),
	(1506,1,27,14,27,2),
	(1507,1,1038,14,38,2),
	(1508,1,4064,14,64,2),
	(1509,1,2057,14,57,2),
	(1510,1,81,14,81,2),
	(1511,1,49,14,49,2),
	(1512,1,4017,14,17,2),
	(1513,1,3067,14,67,2),
	(1514,1,4031,14,31,2),
	(1515,1,97,14,97,2),
	(1516,1,2101,14,101,2),
	(1517,1,2086,14,86,2),
	(1518,1,1007,14,7,2),
	(1519,1,2080,14,80,2),
	(1520,1,4077,14,77,2),
	(1521,1,4113,14,113,2),
	(1522,1,2034,14,34,2),
	(1523,1,2001,14,1,2),
	(1524,1,2009,14,9,2),
	(1525,1,2054,14,54,2),
	(1526,1,4046,14,46,2),
	(1527,1,4081,14,81,2),
	(1528,1,1098,14,98,2),
	(1529,1,2109,14,109,2),
	(1530,1,3070,14,70,2),
	(1531,1,4032,14,32,2),
	(1532,1,3113,14,113,2),
	(1533,1,4075,14,75,2),
	(1534,1,1126,14,126,2),
	(1535,1,1036,14,36,2),
	(1536,1,4108,14,108,2),
	(1537,1,3080,14,80,2),
	(1538,1,2087,14,87,2),
	(1539,1,4003,14,3,2),
	(1540,1,2014,14,14,2),
	(1541,1,2028,14,28,2),
	(1542,1,4046,14,46,2),
	(1543,1,1045,14,45,2),
	(1544,1,1126,14,126,2),
	(1545,1,3055,14,55,2),
	(1546,1,73,14,73,2),
	(1547,1,2062,14,62,2),
	(1548,1,1127,14,127,2),
	(1549,1,56,14,56,2),
	(1550,1,1013,14,13,2),
	(1551,1,1050,14,50,2),
	(1552,1,30,14,30,2),
	(1553,1,1053,14,53,2),
	(1554,1,2106,14,106,2),
	(1555,1,98,14,98,2),
	(1556,1,41,14,41,2),
	(1557,1,107,14,107,2),
	(1558,1,3032,14,32,2),
	(1559,1,1006,14,6,2),
	(1560,1,4044,14,44,2),
	(1561,1,1060,14,60,2),
	(1562,1,2004,14,4,2),
	(1563,1,4123,14,123,2),
	(1564,1,1037,14,37,2),
	(1565,1,3127,14,127,2),
	(1566,1,20,14,20,2),
	(1567,1,3015,14,15,2),
	(1568,1,1018,14,18,2),
	(1569,1,43,15,43,2),
	(1570,1,3074,15,74,2),
	(1571,1,1031,15,31,2),
	(1572,1,1024,15,24,2),
	(1573,1,3031,15,31,2),
	(1574,1,3019,15,19,2),
	(1575,1,1084,15,84,2),
	(1576,1,3074,15,74,2),
	(1577,1,4046,15,46,2),
	(1578,1,4118,15,118,2),
	(1579,1,3109,15,109,2),
	(1580,1,3060,15,60,2),
	(1581,1,9,15,9,2),
	(1582,1,3042,15,42,2),
	(1583,1,3019,15,19,2),
	(1584,1,21,15,21,2),
	(1585,1,3104,15,104,2),
	(1586,1,17,15,17,2),
	(1587,1,2019,15,19,2),
	(1588,1,4066,15,66,2),
	(1589,1,4027,15,27,2),
	(1590,1,2005,15,5,2),
	(1591,1,1059,15,59,2),
	(1592,1,4068,15,68,2),
	(1593,1,3051,15,51,2),
	(1594,1,3105,15,105,2),
	(1595,1,4036,15,36,2),
	(1596,1,13,15,13,2),
	(1597,1,17,15,17,2),
	(1598,1,3040,15,40,2),
	(1599,1,4050,15,50,2),
	(1600,1,2013,15,13,2),
	(1601,1,2051,15,51,2),
	(1602,1,3020,15,20,2),
	(1603,1,3019,15,19,2),
	(1604,1,4001,15,1,2),
	(1605,1,60,15,60,2),
	(1606,1,1038,15,38,2),
	(1607,1,4013,15,13,2),
	(1608,1,1014,15,14,2),
	(1609,1,2055,15,55,2),
	(1610,1,2082,15,82,2),
	(1611,1,1017,15,17,2),
	(1612,1,32,15,32,2),
	(1613,1,2117,15,117,2),
	(1614,1,103,15,103,2),
	(1615,1,37,15,37,2),
	(1616,1,2099,15,99,2),
	(1617,1,2119,15,119,2),
	(1618,1,1048,15,48,2),
	(1619,1,123,15,123,2),
	(1620,1,4069,15,69,2),
	(1621,1,3036,15,36,2),
	(1622,1,1038,15,38,2),
	(1623,1,4047,15,47,2),
	(1624,1,3082,15,82,2),
	(1625,1,74,15,74,2),
	(1626,1,2013,15,13,2),
	(1627,1,3100,15,100,2),
	(1628,1,4082,15,82,2),
	(1629,1,4112,15,112,2),
	(1630,1,2126,15,126,2),
	(1631,1,70,15,70,2),
	(1632,1,87,15,87,2),
	(1633,1,1038,15,38,2),
	(1634,1,1049,15,49,2),
	(1635,1,24,15,24,2),
	(1636,1,4048,15,48,2),
	(1637,1,2062,15,62,2),
	(1638,1,1060,15,60,2),
	(1639,1,3104,15,104,2),
	(1640,1,4082,15,82,2),
	(1641,1,95,15,95,2),
	(1642,1,2045,15,45,2),
	(1643,1,17,15,17,2),
	(1644,1,2019,15,19,2),
	(1645,1,1113,15,113,2),
	(1646,1,2039,15,39,2),
	(1647,1,1056,15,56,2),
	(1648,1,59,15,59,2),
	(1649,1,1119,15,119,2),
	(1650,1,2044,15,44,2),
	(1651,1,3109,15,109,2),
	(1652,1,4069,15,69,2),
	(1653,1,3040,15,40,2),
	(1654,1,4013,15,13,2),
	(1655,1,2092,15,92,2),
	(1656,1,17,15,17,2),
	(1657,1,3096,15,96,2),
	(1658,1,4056,15,56,2),
	(1659,1,1061,15,61,2),
	(1660,1,3032,15,32,2),
	(1661,1,2010,15,10,2),
	(1662,1,1052,15,52,2),
	(1663,1,2124,15,124,2),
	(1664,1,33,15,33,2),
	(1665,1,99,15,99,2),
	(1666,1,3019,15,19,2),
	(1667,1,2032,15,32,2),
	(1668,1,4039,15,39,2),
	(1669,1,3069,15,69,2),
	(1670,1,1063,15,63,2),
	(1671,1,47,15,47,2),
	(1672,1,3064,15,64,2),
	(1673,1,4084,15,84,2),
	(1674,1,4096,15,96,2),
	(1675,1,3071,15,71,2),
	(1676,1,42,15,42,2),
	(1677,1,3072,15,72,2),
	(1678,1,1030,15,30,2),
	(1679,1,3102,15,102,2),
	(1680,1,59,15,59,2),
	(1681,1,2073,16,73,2),
	(1682,1,3043,16,43,2),
	(1683,1,1030,16,30,2),
	(1684,1,3106,16,106,2),
	(1685,1,125,16,125,2),
	(1686,1,2013,16,13,2),
	(1687,1,26,16,26,2),
	(1688,1,3049,16,49,2),
	(1689,1,1018,16,18,2),
	(1690,1,4015,16,15,2),
	(1691,1,4036,16,36,2),
	(1692,1,2114,16,114,2),
	(1693,1,2035,16,35,2),
	(1694,1,1035,16,35,2),
	(1695,1,2103,16,103,2),
	(1696,1,3057,16,57,2),
	(1697,1,1070,16,70,2),
	(1698,1,1109,16,109,2),
	(1699,1,13,16,13,2),
	(1700,1,2059,16,59,2),
	(1701,1,3018,16,18,2),
	(1702,1,1112,16,112,2),
	(1703,1,3065,16,65,2),
	(1704,1,54,16,54,2),
	(1705,1,3014,16,14,2),
	(1706,1,3033,16,33,2),
	(1707,1,42,16,42,2),
	(1708,1,3048,16,48,2),
	(1709,1,121,16,121,2),
	(1710,1,3042,16,42,2),
	(1711,1,3090,16,90,2),
	(1712,1,3053,16,53,2),
	(1713,1,95,16,95,2),
	(1714,1,3048,16,48,2),
	(1715,1,4066,16,66,2),
	(1716,1,3105,16,105,2),
	(1717,1,19,16,19,2),
	(1718,1,1047,16,47,2),
	(1719,1,2093,16,93,2),
	(1720,1,4096,16,96,2),
	(1721,1,2112,16,112,2),
	(1722,1,1033,16,33,2),
	(1723,1,2001,16,1,2),
	(1724,1,3050,16,50,2),
	(1725,1,3016,16,16,2),
	(1726,1,4071,16,71,2),
	(1727,1,1018,16,18,2),
	(1728,1,58,16,58,2),
	(1729,1,34,16,34,2),
	(1730,1,4122,16,122,2),
	(1731,1,3054,16,54,2),
	(1732,1,1004,16,4,2),
	(1733,1,3004,16,4,2),
	(1734,1,4081,16,81,2),
	(1735,1,4092,16,92,2),
	(1736,1,2108,16,108,2),
	(1737,1,97,16,97,2),
	(1738,1,1127,16,127,2),
	(1739,1,90,16,90,2),
	(1740,1,2040,16,40,2),
	(1741,1,3082,16,82,2),
	(1742,1,3121,16,121,2),
	(1743,1,3035,16,35,2),
	(1744,1,123,16,123,2),
	(1745,1,3080,16,80,2),
	(1746,1,4016,16,16,2),
	(1747,1,2126,16,126,2),
	(1748,1,4094,16,94,2),
	(1749,1,76,16,76,2),
	(1750,1,2120,16,120,2),
	(1751,1,3047,16,47,2),
	(1752,1,1116,16,116,2),
	(1753,1,2010,16,10,2),
	(1754,1,3060,16,60,2),
	(1755,1,1110,16,110,2),
	(1756,1,4012,16,12,2),
	(1757,1,2044,16,44,2),
	(1758,1,1121,16,121,2),
	(1759,1,1095,16,95,2),
	(1760,1,4066,16,66,2),
	(1761,1,3012,16,12,2),
	(1762,1,3040,16,40,2),
	(1763,1,2094,16,94,2),
	(1764,1,102,16,102,2),
	(1765,1,4058,16,58,2),
	(1766,1,4063,16,63,2),
	(1767,1,1021,16,21,2),
	(1768,1,1112,16,112,2),
	(1769,1,2072,16,72,2),
	(1770,1,72,16,72,2),
	(1771,1,1005,16,5,2),
	(1772,1,59,16,59,2),
	(1773,1,101,16,101,2),
	(1774,1,2040,16,40,2),
	(1775,1,4117,16,117,2),
	(1776,1,39,16,39,2),
	(1777,1,4114,16,114,2),
	(1778,1,2014,16,14,2),
	(1779,1,4036,16,36,2),
	(1780,1,3100,16,100,2),
	(1781,1,4055,16,55,2),
	(1782,1,4004,16,4,2),
	(1783,1,4021,16,21,2),
	(1784,1,4047,16,47,2),
	(1785,1,60,16,60,2),
	(1786,1,1091,16,91,2),
	(1787,1,3031,16,31,2),
	(1788,1,2045,16,45,2),
	(1789,1,1043,16,43,2),
	(1790,1,1072,16,72,2),
	(1791,1,3088,16,88,2),
	(1792,1,2072,16,72,2),
	(1793,1,1123,17,123,2),
	(1794,1,1022,17,22,2),
	(1795,1,1060,17,60,2),
	(1796,1,2002,17,2,2),
	(1797,1,99,17,99,2),
	(1798,1,34,17,34,2),
	(1799,1,10,17,10,2),
	(1800,1,2052,17,52,2),
	(1801,1,3048,17,48,2),
	(1802,1,3078,17,78,2),
	(1803,1,2059,17,59,2),
	(1804,1,2041,17,41,2),
	(1805,1,2061,17,61,2),
	(1806,1,48,17,48,2),
	(1807,1,1050,17,50,2),
	(1808,1,3055,17,55,2),
	(1809,1,3078,17,78,2),
	(1810,1,3096,17,96,2),
	(1811,1,2054,17,54,2),
	(1812,1,115,17,115,2),
	(1813,1,3095,17,95,2),
	(1814,1,2048,17,48,2),
	(1815,1,1068,17,68,2),
	(1816,1,1080,17,80,2),
	(1817,1,3013,17,13,2),
	(1818,1,86,17,86,2),
	(1819,1,16,17,16,2),
	(1820,1,4096,17,96,2),
	(1821,1,106,17,106,2),
	(1822,1,1052,17,52,2),
	(1823,1,3107,17,107,2),
	(1824,1,1071,17,71,2),
	(1825,1,3082,17,82,2),
	(1826,1,2034,17,34,2),
	(1827,1,19,17,19,2),
	(1828,1,4059,17,59,2),
	(1829,1,2103,17,103,2),
	(1830,1,2113,17,113,2),
	(1831,1,2075,17,75,2),
	(1832,1,1037,17,37,2),
	(1833,1,3017,17,17,2),
	(1834,1,3058,17,58,2),
	(1835,1,22,17,22,2),
	(1836,1,1046,17,46,2),
	(1837,1,4119,17,119,2),
	(1838,1,119,17,119,2),
	(1839,1,2035,17,35,2),
	(1840,1,2055,17,55,2),
	(1841,1,13,17,13,2),
	(1842,1,2026,17,26,2),
	(1843,1,2103,17,103,2),
	(1844,1,4079,17,79,2),
	(1845,1,1078,17,78,2),
	(1846,1,4032,17,32,2),
	(1847,1,2115,17,115,2),
	(1848,1,1039,17,39,2),
	(1849,1,1077,17,77,2),
	(1850,1,3005,17,5,2),
	(1851,1,2076,17,76,2),
	(1852,1,3071,17,71,2),
	(1853,1,3079,17,79,2),
	(1854,1,10,17,10,2),
	(1855,1,4019,17,19,2),
	(1856,1,3022,17,22,2),
	(1857,1,1022,17,22,2),
	(1858,1,3021,17,21,2),
	(1859,1,2042,17,42,2),
	(1860,1,1030,17,30,2),
	(1861,1,4069,17,69,2),
	(1862,1,4106,17,106,2),
	(1863,1,15,17,15,2),
	(1864,1,2050,17,50,2),
	(1865,1,3001,17,1,2),
	(1866,1,3019,17,19,2),
	(1867,1,4053,17,53,2),
	(1868,1,1011,17,11,2),
	(1869,1,4053,17,53,2),
	(1870,1,4064,17,64,2),
	(1871,1,2106,17,106,2),
	(1872,1,1022,17,22,2),
	(1873,1,2085,17,85,2),
	(1874,1,86,17,86,2),
	(1875,1,77,17,77,2),
	(1876,1,3,17,3,2),
	(1877,1,2100,17,100,2),
	(1878,1,3049,17,49,2),
	(1879,1,2106,17,106,2),
	(1880,1,10,17,10,2),
	(1881,1,4080,17,80,2),
	(1882,1,2079,17,79,2),
	(1883,1,3063,17,63,2),
	(1884,1,1081,17,81,2),
	(1885,1,2105,17,105,2),
	(1886,1,2012,17,12,2),
	(1887,1,3111,17,111,2),
	(1888,1,2045,17,45,2),
	(1889,1,3093,17,93,2),
	(1890,1,1049,17,49,2),
	(1891,1,2056,17,56,2),
	(1892,1,1024,17,24,2),
	(1893,1,31,17,31,2),
	(1894,1,4104,17,104,2),
	(1895,1,3040,17,40,2),
	(1896,1,3065,17,65,2),
	(1897,1,88,17,88,2),
	(1898,1,3088,17,88,2),
	(1899,1,4029,17,29,2),
	(1900,1,2086,17,86,2),
	(1901,1,4013,17,13,2),
	(1902,1,4119,17,119,2),
	(1903,1,4060,17,60,2),
	(1904,1,9,17,9,2),
	(1905,1,1104,18,104,1),
	(1906,1,2094,18,94,2),
	(1907,1,2059,18,59,2),
	(1908,1,3120,18,120,2),
	(1909,1,3041,18,41,2),
	(1910,1,4101,18,101,2),
	(1911,1,119,18,119,2),
	(1912,1,2101,18,101,2),
	(1913,1,3067,18,67,2),
	(1914,1,2095,18,95,2),
	(1915,1,3104,18,104,2),
	(1916,1,1102,18,102,2),
	(1917,1,2082,18,82,2),
	(1918,1,2106,18,106,2),
	(1919,1,1092,18,92,2),
	(1920,1,4089,18,89,2),
	(1921,1,75,18,75,2),
	(1922,1,3039,18,39,2),
	(1923,1,3041,18,41,2),
	(1924,1,1053,18,53,2),
	(1925,1,21,18,21,2),
	(1926,1,2106,18,106,2),
	(1927,1,1017,18,17,2),
	(1928,1,2097,18,97,2),
	(1929,1,1109,18,109,2),
	(1930,1,96,18,96,2),
	(1931,1,4125,18,125,2),
	(1932,1,1104,18,104,2),
	(1933,1,1116,18,116,2),
	(1934,1,1068,18,68,2),
	(1935,1,4095,18,95,2),
	(1936,1,2062,18,62,2),
	(1937,1,1115,18,115,2),
	(1938,1,1059,18,59,2),
	(1939,1,2073,18,73,2),
	(1940,1,4064,18,64,2),
	(1941,1,3126,18,126,2),
	(1942,1,2107,18,107,2),
	(1943,1,3095,18,95,2),
	(1944,1,1031,18,31,2),
	(1945,1,2040,18,40,2),
	(1946,1,3104,18,104,2),
	(1947,1,2078,18,78,2),
	(1948,1,1083,18,83,2),
	(1949,1,127,18,127,2),
	(1950,1,1086,18,86,2),
	(1951,1,3112,18,112,2),
	(1952,1,58,18,58,2),
	(1953,1,4073,18,73,2),
	(1954,1,3029,18,29,2),
	(1955,1,1030,18,30,2),
	(1956,1,4066,18,66,2),
	(1957,1,2027,18,27,2),
	(1958,1,4084,18,84,2),
	(1959,1,30,18,30,2),
	(1960,1,2031,18,31,2);
	
INSERT INTO Product(barcode, shop_id, product_id, invoice_id, qty, productStatus_id)
VALUES
	(1961,1,2013,18,13,2),
	(1962,1,4075,18,75,2),
	(1963,1,48,18,48,2),
	(1964,1,3081,18,81,2),
	(1965,1,4097,18,97,2),
	(1966,1,109,18,109,2),
	(1967,1,2028,18,28,2),
	(1968,1,3052,18,52,2),
	(1969,1,4062,18,62,2),
	(1970,1,2102,18,102,2),
	(1971,1,4077,18,77,2),
	(1972,1,1025,18,25,2),
	(1973,1,1108,18,108,2),
	(1974,1,4071,18,71,2),
	(1975,1,4041,18,41,2),
	(1976,1,2097,18,97,2),
	(1977,1,1094,18,94,2),
	(1978,1,3048,18,48,2),
	(1979,1,1017,18,17,2),
	(1980,1,1114,18,114,2),
	(1981,1,3041,18,41,2),
	(1982,1,51,18,51,2),
	(1983,1,4036,18,36,2),
	(1984,1,2038,18,38,2),
	(1985,1,3,18,3,2),
	(1986,1,93,18,93,2),
	(1987,1,83,18,83,2),
	(1988,1,1104,18,104,2),
	(1989,1,2015,18,15,2),
	(1990,1,1007,18,7,2),
	(1991,1,3096,18,96,2),
	(1992,1,2110,18,110,2),
	(1993,1,1058,18,58,2),
	(1994,1,2096,18,96,2),
	(1995,1,61,18,61,2),
	(1996,1,2022,18,22,2),
	(1997,1,3043,18,43,2),
	(1998,1,2012,18,12,2),
	(1999,1,2103,18,103,2),
	(2000,1,1099,18,99,2),
	(2001,1,1104,18,104,2),
	(2002,1,2087,18,87,2),
	(2003,1,47,18,47,2),
	(2004,1,2127,18,127,2),
	(2005,1,2117,18,117,2),
	(2006,1,3027,18,27,2),
	(2007,1,2068,18,68,2),
	(2008,1,1039,18,39,2),
	(2009,1,119,18,119,2),
	(2010,1,1012,18,12,2),
	(2011,1,1119,18,119,2),
	(2012,1,3064,18,64,2),
	(2013,1,4032,18,32,2),
	(2014,1,2077,18,77,2),
	(2015,1,3060,18,60,2),
	(2016,1,3106,18,106,2),
	(2017,1,3102,19,102,1),
	(2018,1,1063,19,63,1),
	(2019,1,103,19,103,2),
	(2020,1,4061,19,61,1),
	(2021,1,117,19,117,2),
	(2022,1,3086,19,86,1),
	(2023,1,18,19,18,1),
	(2024,1,2058,19,58,2),
	(2025,1,2114,19,114,2),
	(2026,1,1054,19,54,2),
	(2027,1,1059,19,59,2),
	(2028,1,4109,19,109,1),
	(2029,1,2019,19,19,1),
	(2030,1,1038,19,38,1),
	(2031,1,4049,19,49,2),
	(2032,1,4044,19,44,2),
	(2033,1,4038,19,38,1),
	(2034,1,1035,19,35,1),
	(2035,1,2117,19,117,2),
	(2036,1,91,19,91,1),
	(2037,1,93,19,93,2),
	(2038,1,7,19,7,1),
	(2039,1,1051,19,51,2),
	(2040,1,3081,19,81,1),
	(2041,1,2107,19,107,2),
	(2042,1,4044,19,44,1),
	(2043,1,101,19,101,1),
	(2044,1,4096,19,96,1),
	(2045,1,1065,19,65,1),
	(2046,1,1103,19,103,1),
	(2047,1,1042,19,42,2),
	(2048,1,1050,19,50,1),
	(2049,1,1042,19,42,1),
	(2050,1,73,19,73,2),
	(2051,1,4015,19,15,1),
	(2052,1,1123,19,123,1),
	(2053,1,4117,19,117,1),
	(2054,1,2073,19,73,2),
	(2055,1,3126,19,126,1),
	(2056,1,4108,19,108,2),
	(2057,1,4009,19,9,1),
	(2058,1,3114,19,114,2),
	(2059,1,2073,19,73,2),
	(2060,1,1097,19,97,1),
	(2061,1,2043,19,43,2),
	(2062,1,3114,19,114,2),
	(2063,1,2105,19,105,1),
	(2064,1,1031,19,31,2),
	(2065,1,3003,19,3,2),
	(2066,1,1112,19,112,1),
	(2067,1,2071,19,71,2),
	(2068,1,4018,19,18,1),
	(2069,1,97,19,97,1),
	(2070,1,1102,19,102,2),
	(2071,1,2096,19,96,1),
	(2072,1,4051,19,51,1),
	(2073,1,4010,19,10,1),
	(2074,1,3035,19,35,1),
	(2075,1,2096,19,96,1),
	(2076,1,3025,19,25,2),
	(2077,1,3113,19,113,2),
	(2078,1,2114,19,114,1),
	(2079,1,81,19,81,2),
	(2080,1,3043,19,43,1),
	(2081,1,3067,19,67,1),
	(2082,1,3075,19,75,2),
	(2083,1,118,19,118,2),
	(2084,1,40,19,40,1),
	(2085,1,75,19,75,2),
	(2086,1,1123,19,123,2),
	(2087,1,2007,19,7,2),
	(2088,1,4010,19,10,2),
	(2089,1,2102,19,102,1),
	(2090,1,4060,19,60,2),
	(2091,1,3107,19,107,2),
	(2092,1,97,19,97,1),
	(2093,1,1089,19,89,1),
	(2094,1,75,19,75,1),
	(2095,1,2085,19,85,2),
	(2096,1,41,19,41,1),
	(2097,1,2029,19,29,2),
	(2098,1,50,19,50,2),
	(2099,1,2114,19,114,1),
	(2100,1,2037,19,37,2),
	(2101,1,2076,19,76,1),
	(2102,1,87,19,87,2),
	(2103,1,2080,19,80,2),
	(2104,1,2034,19,34,1),
	(2105,1,91,19,91,2),
	(2106,1,44,19,44,1),
	(2107,1,1025,19,25,1),
	(2108,1,3075,19,75,1),
	(2109,1,1075,19,75,2),
	(2110,1,1033,19,33,2),
	(2111,1,4112,19,112,2),
	(2112,1,4052,19,52,2),
	(2113,1,1051,19,51,2),
	(2114,1,4116,19,116,2),
	(2115,1,1045,19,45,1),
	(2116,1,1011,19,11,1),
	(2117,1,2009,19,9,2),
	(2118,1,4048,19,48,2),
	(2119,1,1060,19,60,2),
	(2120,1,3040,19,40,2),
	(2121,1,1003,19,3,1),
	(2122,1,1118,19,118,1),
	(2123,1,2101,19,101,1),
	(2124,1,1117,19,117,2),
	(2125,1,4022,19,22,2),
	(2126,1,2085,19,85,2),
	(2127,1,3038,19,38,2),
	(2128,1,4038,19,38,1),
	(2129,1,2066,20,66,1),
	(2130,1,2036,20,36,1),
	(2131,1,4020,20,20,1),
	(2132,1,3060,20,60,1),
	(2133,1,1119,20,119,1),
	(2134,1,2111,20,111,1),
	(2135,1,71,20,71,1),
	(2136,1,3048,20,48,1),
	(2137,1,4082,20,82,1),
	(2138,1,2037,20,37,1),
	(2139,1,94,20,94,1),
	(2140,1,2091,20,91,1),
	(2141,1,3004,20,4,1),
	(2142,1,23,20,23,1),
	(2143,1,4001,20,1,1),
	(2144,1,2005,20,5,1),
	(2145,1,1115,20,115,1),
	(2146,1,69,20,69,1),
	(2147,1,94,20,94,1),
	(2148,1,1048,20,48,1),
	(2149,1,3116,20,116,1),
	(2150,1,69,20,69,1),
	(2151,1,2043,20,43,1),
	(2152,1,3061,20,61,1),
	(2153,1,4055,20,55,1),
	(2154,1,3088,20,88,1),
	(2155,1,1050,20,50,1),
	(2156,1,49,20,49,1),
	(2157,1,1094,20,94,1),
	(2158,1,2028,20,28,1),
	(2159,1,3109,20,109,1),
	(2160,1,2054,20,54,1),
	(2161,1,77,20,77,1),
	(2162,1,3095,20,95,1),
	(2163,1,2025,20,25,1),
	(2164,1,1091,20,91,1),
	(2165,1,2068,20,68,1),
	(2166,1,4057,20,57,1),
	(2167,1,3076,20,76,1),
	(2168,1,22,20,22,1),
	(2169,1,4127,20,127,1),
	(2170,1,1047,20,47,1),
	(2171,1,4106,20,106,1),
	(2172,1,32,20,32,1),
	(2173,1,3062,20,62,1),
	(2174,1,4024,20,24,1),
	(2175,1,2061,20,61,1),
	(2176,1,84,20,84,1),
	(2177,1,4045,20,45,1),
	(2178,1,98,20,98,1),
	(2179,1,85,20,85,1),
	(2180,1,103,20,103,1),
	(2181,1,3009,20,9,1),
	(2182,1,4056,20,56,1),
	(2183,1,4075,20,75,1),
	(2184,1,61,20,61,1),
	(2185,1,3066,20,66,1),
	(2186,1,1091,20,91,1),
	(2187,1,2060,20,60,1),
	(2188,1,1051,20,51,1),
	(2189,1,1027,20,27,1),
	(2190,1,1044,20,44,1),
	(2191,1,75,20,75,1),
	(2192,1,3071,20,71,1),
	(2193,1,2090,20,90,1),
	(2194,1,2125,20,125,1),
	(2195,1,4032,20,32,1),
	(2196,1,3118,20,118,1),
	(2197,1,23,20,23,1),
	(2198,1,4112,20,112,1),
	(2199,1,4040,20,40,1),
	(2200,1,1031,20,31,1),
	(2201,1,1022,20,22,1),
	(2202,1,3092,20,92,1),
	(2203,1,3035,20,35,1),
	(2204,1,3047,20,47,1),
	(2205,1,30,20,30,1),
	(2206,1,95,20,95,1),
	(2207,1,4093,20,93,1),
	(2208,1,3067,20,67,1),
	(2209,1,1060,20,60,1),
	(2210,1,4061,20,61,1),
	(2211,1,3105,20,105,1),
	(2212,1,4113,20,113,1),
	(2213,1,4072,20,72,1),
	(2214,1,2081,20,81,1),
	(2215,1,78,20,78,1),
	(2216,1,65,20,65,1),
	(2217,1,4059,20,59,1),
	(2218,1,4090,20,90,1),
	(2219,1,1008,20,8,1),
	(2220,1,2016,20,16,1),
	(2221,1,1050,20,50,1),
	(2222,1,20,20,20,1),
	(2223,1,2033,20,33,1),
	(2224,1,70,20,70,1),
	(2225,1,102,20,102,1),
	(2226,1,3081,20,81,1),
	(2227,1,3096,20,96,1),
	(2228,1,3124,20,124,1),
	(2229,1,110,20,110,1),
	(2230,1,4006,20,6,1),
	(2231,1,2105,20,105,1),
	(2232,1,2070,20,70,1),
	(2233,1,1026,20,26,1),
	(2234,1,116,20,116,1),
	(2235,1,3115,20,115,1),
	(2236,1,1078,20,78,1),
	(2237,1,4054,20,54,1),
	(2238,1,4074,20,74,1),
	(2239,1,4127,20,127,1),
	(2240,1,60,20,60,1);
