INSERT INTO ProductBuyPrice (barcode, shop_id, start, buyPrice)
VALUES
	(1,1,2021-01-01,50),
	(2,1,2021-01-01,50),
	(3,1,2021-01-01,886),
	(4,1,2021-01-01,700),
	(5,1,2021-01-01,235.31),
	(6,1,2021-01-01,50),
	(7,1,2021-01-01,319),
	(8,1,2021-01-01,50),
	(9,1,2021-01-01,50),
	(10,1,2021-01-01,796.2),
	(11,1,2021-01-01,50),
	(12,1,2021-01-01,59.43),
	(13,1,2021-01-01,143),
	(14,1,2021-01-01,531),
	(15,1,2021-01-01,922),
	(16,1,2021-01-01,420),
	(17,1,2021-01-01,267),
	(18,1,2021-01-01,640.44),
	(19,1,2021-01-01,50),
	(20,1,2021-01-01,50),
	(21,1,2021-01-01,761),
	(22,1,2021-01-01,50),
	(23,1,2021-01-01,560.1),
	(24,1,2021-01-01,50),
	(25,1,2021-01-01,275),
	(26,1,2021-01-01,551.73),
	(27,1,2021-01-01,50),
	(28,1,2021-01-01,50),
	(29,1,2021-01-01,50),
	(30,1,2021-01-01,58.26),
	(31,1,2021-01-01,54.89),
	(32,1,2021-01-01,53.97),
	(33,1,2021-01-01,783),
	(34,1,2021-01-01,363),
	(35,1,2021-01-01,391.15),
	(36,1,2021-01-01,50),
	(37,1,2021-01-01,822),
	(38,1,2021-01-01,54.89),
	(39,1,2021-01-01,52.99),
	(40,1,2021-01-01,58.24),
	(41,1,2021-01-01,142),
	(42,1,2021-01-01,341.43),
	(43,1,2021-01-01,503.25),
	(44,1,2021-01-01,610.68),
	(45,1,2021-01-01,478),
	(46,1,2021-01-01,53.78),
	(47,1,2021-01-01,895.64),
	(48,1,2021-01-01,218.64),
	(49,1,2021-01-01,50),
	(50,1,2021-01-01,59.96),
	(51,1,2021-01-01,515),
	(52,1,2021-01-01,50),
	(53,1,2021-01-01,53.01),
	(54,1,2021-01-01,496.35),
	(55,1,2021-01-01,444),
	(56,1,2021-01-01,52.19),
	(57,1,2021-01-01,51.8),
	(58,1,2021-01-01,50),
	(59,1,2021-01-01,52.7),
	(60,1,2021-01-01,50),
	(61,1,2021-01-01,116.59),
	(62,1,2021-01-01,50),
	(63,1,2021-01-01,731.38),
	(64,1,2021-01-01,58.3),
	(65,1,2021-01-01,53.34),
	(66,1,2021-01-01,178.31),
	(67,1,2021-01-01,872.88),
	(68,1,2021-01-01,339.59),
	(69,1,2021-01-01,50),
	(70,1,2021-01-01,152.38),
	(71,1,2021-01-01,717.66),
	(72,1,2021-01-01,50),
	(73,1,2021-01-01,50),
	(74,1,2021-01-01,648.85),
	(75,1,2021-01-01,50),
	(76,1,2021-01-01,183),
	(77,1,2021-01-01,54.26),
	(78,1,2021-01-01,493),
	(79,1,2021-01-01,541),
	(80,1,2021-01-01,50),
	(81,1,2021-01-01,54.69),
	(82,1,2021-01-01,56.77),
	(83,1,2021-01-01,160.06),
	(84,1,2021-01-01,777.42),
	(85,1,2021-01-01,50),
	(86,1,2021-01-01,1046.07),
	(87,1,2021-01-01,52.45),
	(88,1,2021-01-01,76),
	(89,1,2021-01-01,264),
	(90,1,2021-01-01,958),
	(91,1,2021-01-01,128),
	(92,1,2021-01-01,281),
	(93,1,2021-01-01,475.16),
	(94,1,2021-01-01,50),
	(95,1,2021-01-01,50),
	(96,1,2021-01-01,457),
	(97,1,2021-01-01,73.11),
	(98,1,2021-01-01,59.23),
	(99,1,2021-01-01,435.55),
	(100,1,2021-01-01,449.81),
	(101,1,2021-01-01,50),
	(102,1,2021-01-01,570.49),
	(103,1,2021-01-01,50),
	(104,1,2021-01-01,860),
	(105,1,2021-01-01,50),
	(106,1,2021-01-01,224),
	(107,1,2021-01-01,50),
	(108,1,2021-01-01,688.62),
	(109,1,2021-01-01,50),
	(110,1,2021-01-01,52.32),
	(111,1,2021-01-01,50),
	(112,1,2021-01-01,136.44),
	(113,1,2021-01-01,923),
	(114,1,2021-01-01,55.63),
	(115,1,2021-01-01,50),
	(116,1,2021-01-01,55.37),
	(117,1,2021-01-01,52.43),
	(118,1,2021-01-01,53.56),
	(119,1,2021-01-01,888.03),
	(120,1,2021-01-01,50),
	(121,1,2021-01-01,449),
	(122,1,2021-01-01,320),
	(123,1,2021-01-01,53.15),
	(124,1,2021-01-01,50),
	(125,1,2021-01-01,50),
	(126,1,2021-01-01,53.56),
	(127,1,2021-01-01,92.63),
	(128,1,2021-01-01,50),
	(129,1,2021-01-01,63),
	(130,1,2021-01-01,722.52),
	(131,1,2021-01-01,354),
	(132,1,2021-01-01,52.18),
	(133,1,2021-01-01,930),
	(134,1,2021-01-01,189.42),
	(135,1,2021-01-01,263),
	(136,1,2021-01-01,50),
	(137,1,2021-01-01,53.02),
	(138,1,2021-01-01,503),
	(139,1,2021-01-01,687.47),
	(140,1,2021-01-01,50),
	(141,1,2021-01-01,55.85),
	(142,1,2021-01-01,50),
	(143,1,2021-01-01,50),
	(144,1,2021-01-01,50),
	(145,1,2021-01-01,50),
	(146,1,2021-01-01,56.08),
	(147,1,2021-01-01,50),
	(148,1,2021-01-01,58.46),
	(149,1,2021-01-01,548),
	(150,1,2021-01-01,50),
	(151,1,2021-01-01,277.09),
	(152,1,2021-01-01,50),
	(153,1,2021-01-01,409.39),
	(154,1,2021-01-01,50),
	(155,1,2021-01-01,952.98),
	(156,1,2021-01-01,335.44),
	(157,1,2021-01-01,400),
	(158,1,2021-01-01,56.58),
	(159,1,2021-01-01,228),
	(160,1,2021-01-01,56.56),
	(161,1,2021-01-01,57.3),
	(162,1,2021-01-01,883),
	(163,1,2021-01-01,50),
	(164,1,2021-01-01,50),
	(165,1,2021-01-01,59.98),
	(166,1,2021-01-01,295.7),
	(167,1,2021-01-01,513.1),
	(168,1,2021-01-01,787),
	(169,1,2021-01-01,77.33),
	(170,1,2021-01-01,945),
	(171,1,2021-01-01,938),
	(172,1,2021-01-01,667.01),
	(173,1,2021-01-01,658.96),
	(174,1,2021-01-01,532),
	(175,1,2021-01-01,727),
	(176,1,2021-01-01,256.47),
	(177,1,2021-01-01,50),
	(178,1,2021-01-01,50),
	(179,1,2021-01-01,466.9),
	(180,1,2021-01-01,1025.23),
	(181,1,2021-01-01,660),
	(182,1,2021-01-01,56.08),
	(183,1,2021-01-01,274.04),
	(184,1,2021-01-01,719),
	(185,1,2021-01-01,58.29),
	(186,1,2021-01-01,54.85),
	(187,1,2021-01-01,74.78),
	(188,1,2021-01-01,55.86),
	(189,1,2021-01-01,54.77),
	(190,1,2021-01-01,50),
	(191,1,2021-01-01,57.14),
	(192,1,2021-01-01,50),
	(193,1,2021-01-01,50),
	(194,1,2021-01-01,50),
	(195,1,2021-01-01,798),
	(196,1,2021-01-01,50),
	(197,1,2021-01-01,696.54),
	(198,1,2021-01-01,112.16),
	(199,1,2021-01-01,984),
	(200,1,2021-01-01,50),
	(201,1,2021-01-01,50),
	(202,1,2021-01-01,50),
	(203,1,2021-01-01,50),
	(204,1,2021-01-01,50),
	(205,1,2021-01-01,50),
	(206,1,2021-01-01,50),
	(207,1,2021-01-01,50),
	(208,1,2021-01-01,286),
	(209,1,2021-01-01,310),
	(210,1,2021-01-01,50),
	(211,1,2021-01-01,189.91),
	(212,1,2021-01-01,453.94),
	(213,1,2021-01-01,50),
	(214,1,2021-01-01,547),
	(215,1,2021-01-01,718),
	(216,1,2021-01-01,57.41),
	(217,1,2021-01-01,872),
	(218,1,2021-01-01,135.63),
	(219,1,2021-01-01,388),
	(220,1,2021-01-01,472),
	(221,1,2021-01-01,50),
	(222,1,2021-01-01,50),
	(223,1,2021-01-01,633),
	(224,1,2021-01-01,1022),
	(225,1,2021-01-01,404),
	(226,1,2021-01-01,981),
	(227,1,2021-01-01,50),
	(228,1,2021-01-01,58.99),
	(229,1,2021-01-01,933),
	(230,1,2021-01-01,59.27),
	(231,1,2021-01-01,251),
	(232,1,2021-01-01,618.65),
	(233,1,2021-01-01,932.9),
	(234,1,2021-01-01,991.95),
	(235,1,2021-01-01,55.91),
	(236,1,2021-01-01,57.02),
	(237,1,2021-01-01,505.34),
	(238,1,2021-01-01,54.14),
	(239,1,2021-01-01,671.98),
	(240,1,2021-01-01,50),
	(241,1,2021-01-01,57.98),
	(242,1,2021-01-01,964),
	(243,1,2021-01-01,50),
	(244,1,2021-01-01,389.03),
	(245,1,2021-01-01,54.15),
	(246,1,2021-01-01,968),
	(247,1,2021-01-01,1044.64),
	(248,1,2021-01-01,233),
	(249,1,2021-01-01,50),
	(250,1,2021-01-01,1009),
	(251,1,2021-01-01,241.89),
	(252,1,2021-01-01,930),
	(253,1,2021-01-01,57.18),
	(254,1,2021-01-01,662.32),
	(255,1,2021-01-01,50),
	(256,1,2021-01-01,981.99),
	(257,1,2021-01-01,50),
	(258,1,2021-01-01,280),
	(259,1,2021-01-01,52.74),
	(260,1,2021-01-01,58.3),
	(261,1,2021-01-01,59.75),
	(262,1,2021-01-01,1005),
	(263,1,2021-01-01,57.67),
	(264,1,2021-01-01,119.83),
	(265,1,2021-01-01,252.94),
	(266,1,2021-01-01,50),
	(267,1,2021-01-01,742),
	(268,1,2021-01-01,50),
	(269,1,2021-01-01,804.23),
	(270,1,2021-01-01,52.8),
	(271,1,2021-01-01,55.57),
	(272,1,2021-01-01,635),
	(273,1,2021-01-01,436.7),
	(274,1,2021-01-01,52.89),
	(275,1,2021-01-01,637.42),
	(276,1,2021-01-01,58.71),
	(277,1,2021-01-01,911),
	(278,1,2021-01-01,397.17),
	(279,1,2021-01-01,325),
	(280,1,2021-01-01,59.66),
	(281,1,2021-01-01,256),
	(282,1,2021-01-01,53.93),
	(283,1,2021-01-01,959.46),
	(284,1,2021-01-01,273.38),
	(285,1,2021-01-01,318.08),
	(286,1,2021-01-01,959.08),
	(287,1,2021-01-01,50),
	(288,1,2021-01-01,52.92),
	(289,1,2021-01-01,53.58),
	(290,1,2021-01-01,746),
	(291,1,2021-01-01,57.4),
	(292,1,2021-01-01,431.74),
	(293,1,2021-01-01,50),
	(294,1,2021-01-01,88.41),
	(295,1,2021-01-01,261),
	(296,1,2021-01-01,506.3),
	(297,1,2021-01-01,54.48),
	(298,1,2021-01-01,68.19),
	(299,1,2021-01-01,50),
	(300,1,2021-01-01,50),
	(301,1,2021-01-01,50),
	(302,1,2021-01-01,50),
	(303,1,2021-01-01,50),
	(304,1,2021-01-01,50),
	(305,1,2021-01-01,203),
	(306,1,2021-01-01,938.23),
	(307,1,2021-01-01,53.57),
	(308,1,2021-01-01,86.67),
	(309,1,2021-01-01,455.78),
	(310,1,2021-01-01,619),
	(311,1,2021-01-01,853),
	(312,1,2021-01-01,840.31),
	(313,1,2021-01-01,50),
	(314,1,2021-01-01,57.56),
	(315,1,2021-01-01,271.1),
	(316,1,2021-01-01,521.57),
	(317,1,2021-01-01,50),
	(318,1,2021-01-01,59.57),
	(319,1,2021-01-01,166.47),
	(320,1,2021-01-01,465.82),
	(321,1,2021-01-01,53.32),
	(322,1,2021-01-01,56.97),
	(323,1,2021-01-01,51.62),
	(324,1,2021-01-01,112.31),
	(325,1,2021-01-01,335.17),
	(326,1,2021-01-01,50),
	(327,1,2021-01-01,258),
	(328,1,2021-01-01,87),
	(329,1,2021-01-01,50),
	(330,1,2021-01-01,50),
	(331,1,2021-01-01,843.87),
	(332,1,2021-01-01,51.56),
	(333,1,2021-01-01,101),
	(334,1,2021-01-01,515),
	(335,1,2021-01-01,736.05),
	(336,1,2021-01-01,355),
	(337,1,2021-01-01,333.81),
	(338,1,2021-01-01,890),
	(339,1,2021-01-01,50),
	(340,1,2021-01-01,319.44),
	(341,1,2021-01-01,50),
	(342,1,2021-01-01,54.16),
	(343,1,2021-01-01,89.28),
	(344,1,2021-01-01,53.07),
	(345,1,2021-01-01,51.75),
	(346,1,2021-01-01,889.77),
	(347,1,2021-01-01,678.93),
	(348,1,2021-01-01,50),
	(349,1,2021-01-01,53.5),
	(350,1,2021-01-01,759),
	(351,1,2021-01-01,58.89),
	(352,1,2021-01-01,50),
	(353,1,2021-01-01,764.08),
	(354,1,2021-01-01,453.43),
	(355,1,2021-01-01,619),
	(356,1,2021-01-01,650.13),
	(357,1,2021-01-01,848.11),
	(358,1,2021-01-01,59.76),
	(359,1,2021-01-01,225),
	(360,1,2021-01-01,50),
	(361,1,2021-01-01,54.87),
	(362,1,2021-01-01,54.94),
	(363,1,2021-01-01,55.58),
	(364,1,2021-01-01,706),
	(365,1,2021-01-01,50),
	(366,1,2021-01-01,51.1),
	(367,1,2021-01-01,751.12),
	(368,1,2021-01-01,262.28),
	(369,1,2021-01-01,52.04),
	(370,1,2021-01-01,51.96),
	(371,1,2021-01-01,58.85),
	(372,1,2021-01-01,183.15),
	(373,1,2021-01-01,50),
	(374,1,2021-01-01,183.01),
	(375,1,2021-01-01,667),
	(376,1,2021-01-01,50),
	(377,1,2021-01-01,50),
	(378,1,2021-01-01,134.78),
	(379,1,2021-01-01,50),
	(380,1,2021-01-01,50),
	(381,1,2021-01-01,890),
	(382,1,2021-01-01,50),
	(383,1,2021-01-01,388),
	(384,1,2021-01-01,874.05),
	(385,1,2021-01-01,50),
	(386,1,2021-01-01,655.7),
	(387,1,2021-01-01,854),
	(388,1,2021-01-01,110),
	(389,1,2021-01-01,50),
	(390,1,2021-01-01,53.78),
	(391,1,2021-01-01,738.37),
	(392,1,2021-01-01,59.84),
	(393,1,2021-01-01,1017),
	(394,1,2021-01-01,50),
	(395,1,2021-01-01,58.42),
	(396,1,2021-01-01,1002.28),
	(397,1,2021-01-01,845.42),
	(398,1,2021-01-01,50),
	(399,1,2021-01-01,80.4),
	(400,1,2021-01-01,50),
	(401,1,2021-01-01,734),
	(402,1,2021-01-01,952),
	(403,1,2021-01-01,719),
	(404,1,2021-01-01,53.42),
	(405,1,2021-01-01,575),
	(406,1,2021-01-01,173),
	(407,1,2021-01-01,50),
	(408,1,2021-01-01,50),
	(409,1,2021-01-01,706),
	(410,1,2021-01-01,55.43),
	(411,1,2021-01-01,171),
	(412,1,2021-01-01,50),
	(413,1,2021-01-01,159),
	(414,1,2021-01-01,52.78),
	(415,1,2021-01-01,787.21),
	(416,1,2021-01-01,935.94),
	(417,1,2021-01-01,167),
	(418,1,2021-01-01,50),
	(419,1,2021-01-01,55.09),
	(420,1,2021-01-01,54.01),
	(421,1,2021-01-01,57.35),
	(422,1,2021-01-01,52.64),
	(423,1,2021-01-01,52.81),
	(424,1,2021-01-01,280.88),
	(425,1,2021-01-01,59.56),
	(426,1,2021-01-01,50),
	(427,1,2021-01-01,877.01),
	(428,1,2021-01-01,50),
	(429,1,2021-01-01,50),
	(430,1,2021-01-01,50),
	(431,1,2021-01-01,373),
	(432,1,2021-01-01,224.06),
	(433,1,2021-01-01,50),
	(434,1,2021-01-01,994.79),
	(435,1,2021-01-01,654),
	(436,1,2021-01-01,50),
	(437,1,2021-01-01,59.01),
	(438,1,2021-01-01,695.92),
	(439,1,2021-01-01,1019.45),
	(440,1,2021-01-01,705),
	(441,1,2021-01-01,1031.76),
	(442,1,2021-01-01,50),
	(443,1,2021-01-01,238),
	(444,1,2021-01-01,55.5),
	(445,1,2021-01-01,51.51),
	(446,1,2021-01-01,900.17),
	(447,1,2021-01-01,50),
	(448,1,2021-01-01,587.75),
	(449,1,2021-01-01,711.85),
	(450,1,2021-01-01,773),
	(451,1,2021-01-01,97),
	(452,1,2021-01-01,188.22),
	(453,1,2021-01-01,425),
	(454,1,2021-01-01,52.5),
	(455,1,2021-01-01,460),
	(456,1,2021-01-01,58.6),
	(457,1,2021-01-01,51.91),
	(458,1,2021-01-01,134.61),
	(459,1,2021-01-01,492),
	(460,1,2021-01-01,990),
	(461,1,2021-01-01,378),
	(462,1,2021-01-01,54.68),
	(463,1,2021-01-01,50),
	(464,1,2021-01-01,433),
	(465,1,2021-01-01,632),
	(466,1,2021-01-01,50),
	(467,1,2021-01-01,354),
	(468,1,2021-01-01,50),
	(469,1,2021-01-01,50),
	(470,1,2021-01-01,57.4),
	(471,1,2021-01-01,895.25),
	(472,1,2021-01-01,50),
	(473,1,2021-01-01,50),
	(474,1,2021-01-01,275.67),
	(475,1,2021-01-01,777.74),
	(476,1,2021-01-01,50),
	(477,1,2021-01-01,360),
	(478,1,2021-01-01,55.45),
	(479,1,2021-01-01,52.95),
	(480,1,2021-01-01,800),
	(481,1,2021-01-01,59.88),
	(482,1,2021-01-01,474),
	(483,1,2021-01-01,50),
	(484,1,2021-01-01,976),
	(485,1,2021-01-01,54.62),
	(486,1,2021-01-01,50),
	(487,1,2021-01-01,250),
	(488,1,2021-01-01,50),
	(489,1,2021-01-01,50),
	(490,1,2021-01-01,50),
	(491,1,2021-01-01,50),
	(492,1,2021-01-01,609),
	(493,1,2021-01-01,54.14),
	(494,1,2021-01-01,50),
	(495,1,2021-01-01,50),
	(496,1,2021-01-01,432.11),
	(497,1,2021-01-01,50),
	(498,1,2021-01-01,936.18),
	(499,1,2021-01-01,785.31),
	(500,1,2021-01-01,50),
	(501,1,2021-01-01,77),
	(502,1,2021-01-01,54.63),
	(503,1,2021-01-01,882.2),
	(504,1,2021-01-01,425),
	(505,1,2021-01-01,50),
	(506,1,2021-01-01,54.66),
	(507,1,2021-01-01,50),
	(508,1,2021-01-01,50),
	(509,1,2021-01-01,648.11),
	(510,1,2021-01-01,908.55),
	(511,1,2021-01-01,52.96),
	(512,1,2021-01-01,731),
	(513,1,2021-01-01,50),
	(514,1,2021-01-01,376.62),
	(515,1,2021-01-01,54.25),
	(516,1,2021-01-01,444),
	(517,1,2021-01-01,50),
	(518,1,2021-01-01,1021),
	(519,1,2021-01-01,50),
	(520,1,2021-01-01,50),
	(521,1,2021-01-01,50),
	(522,1,2021-01-01,400),
	(523,1,2021-01-01,886.03),
	(524,1,2021-01-01,50),
	(525,1,2021-01-01,624.05),
	(526,1,2021-01-01,50),
	(527,1,2021-01-01,843),
	(528,1,2021-01-01,50),
	(529,1,2021-01-01,55.41),
	(530,1,2021-01-01,797),
	(531,1,2021-01-01,55.97),
	(532,1,2021-01-01,53.55),
	(533,1,2021-01-01,439),
	(534,1,2021-01-01,375),
	(535,1,2021-01-01,57.12),
	(536,1,2021-01-01,50),
	(537,1,2021-01-01,50),
	(538,1,2021-01-01,505.01),
	(539,1,2021-01-01,52.65),
	(540,1,2021-01-01,50),
	(541,1,2021-01-01,56.02),
	(542,1,2021-01-01,859),
	(543,1,2021-01-01,54.28),
	(544,1,2021-01-01,53.08),
	(545,1,2021-01-01,944.02),
	(546,1,2021-01-01,790.6),
	(547,1,2021-01-01,871.19),
	(548,1,2021-01-01,53.54),
	(549,1,2021-01-01,887),
	(550,1,2021-01-01,294),
	(551,1,2021-01-01,50),
	(552,1,2021-01-01,101.11),
	(553,1,2021-01-01,55.74),
	(554,1,2021-01-01,1033),
	(555,1,2021-01-01,919),
	(556,1,2021-01-01,50),
	(557,1,2021-01-01,118.93),
	(558,1,2021-01-01,56.33),
	(559,1,2021-01-01,52.27),
	(560,1,2021-01-01,220.05),
	(561,1,2021-01-01,990.02),
	(562,1,2021-01-01,50),
	(563,1,2021-01-01,59.02),
	(564,1,2021-01-01,269.77),
	(565,1,2021-01-01,979.91),
	(566,1,2021-01-01,57.79),
	(567,1,2021-01-01,51.4),
	(568,1,2021-01-01,785),
	(569,1,2021-01-01,187.19),
	(570,1,2021-01-01,342),
	(571,1,2021-01-01,613),
	(572,1,2021-01-01,459.29),
	(573,1,2021-01-01,416),
	(574,1,2021-01-01,50),
	(575,1,2021-01-01,535.91),
	(576,1,2021-01-01,58.38),
	(577,1,2021-01-01,50),
	(578,1,2021-01-01,773),
	(579,1,2021-01-01,354),
	(580,1,2021-01-01,50),
	(581,1,2021-01-01,55.59),
	(582,1,2021-01-01,840),
	(583,1,2021-01-01,131.51),
	(584,1,2021-01-01,55.36),
	(585,1,2021-01-01,50),
	(586,1,2021-01-01,200.49),
	(587,1,2021-01-01,52.01),
	(588,1,2021-01-01,59.1),
	(589,1,2021-01-01,57.97),
	(590,1,2021-01-01,53.16),
	(591,1,2021-01-01,52.39),
	(592,1,2021-01-01,50),
	(593,1,2021-01-01,664),
	(594,1,2021-01-01,54.93),
	(595,1,2021-01-01,50),
	(596,1,2021-01-01,770.77),
	(597,1,2021-01-01,53.24),
	(598,1,2021-01-01,54.96),
	(599,1,2021-01-01,451.11),
	(600,1,2021-01-01,140.88),
	(601,1,2021-01-01,993.74),
	(602,1,2021-01-01,50),
	(603,1,2021-01-01,56.64),
	(604,1,2021-01-01,906),
	(605,1,2021-01-01,262),
	(606,1,2021-01-01,95.94),
	(607,1,2021-01-01,666.55),
	(608,1,2021-01-01,50),
	(609,1,2021-01-01,50),
	(610,1,2021-01-01,50),
	(611,1,2021-01-01,50),
	(612,1,2021-01-01,50),
	(613,1,2021-01-01,635.46),
	(614,1,2021-01-01,57.52),
	(615,1,2021-01-01,57.06),
	(616,1,2021-01-01,144.29),
	(617,1,2021-01-01,1027.89),
	(618,1,2021-01-01,50),
	(619,1,2021-01-01,163.02),
	(620,1,2021-01-01,54.38),
	(621,1,2021-01-01,50),
	(622,1,2021-01-01,1051.35),
	(623,1,2021-01-01,50),
	(624,1,2021-01-01,925.63),
	(625,1,2021-01-01,51.17),
	(626,1,2021-01-01,220),
	(627,1,2021-01-01,56.84),
	(628,1,2021-01-01,616),
	(629,1,2021-01-01,50),
	(630,1,2021-01-01,50),
	(631,1,2021-01-01,50),
	(632,1,2021-01-01,902),
	(633,1,2021-01-01,531),
	(634,1,2021-01-01,269.23),
	(635,1,2021-01-01,53.93),
	(636,1,2021-01-01,59.77),
	(637,1,2021-01-01,341.45),
	(638,1,2021-01-01,56.3),
	(639,1,2021-01-01,285),
	(640,1,2021-01-01,1007),
	(641,1,2021-01-01,50),
	(642,1,2021-01-01,50),
	(643,1,2021-01-01,558.49),
	(644,1,2021-01-01,998),
	(645,1,2021-01-01,55.31),
	(646,1,2021-01-01,55.81),
	(647,1,2021-01-01,52.36),
	(648,1,2021-01-01,50),
	(649,1,2021-01-01,906.12),
	(650,1,2021-01-01,156.37),
	(651,1,2021-01-01,1010.04),
	(652,1,2021-01-01,1008),
	(653,1,2021-01-01,344),
	(654,1,2021-01-01,753.16),
	(655,1,2021-01-01,535.86),
	(656,1,2021-01-01,500),
	(657,1,2021-01-01,477.23),
	(658,1,2021-01-01,532),
	(659,1,2021-01-01,768),
	(660,1,2021-01-01,385),
	(661,1,2021-01-01,50),
	(662,1,2021-01-01,683),
	(663,1,2021-01-01,153),
	(664,1,2021-01-01,50),
	(665,1,2021-01-01,56.19),
	(666,1,2021-01-01,50),
	(667,1,2021-01-01,193.24),
	(668,1,2021-01-01,832.41),
	(669,1,2021-01-01,59.99),
	(670,1,2021-01-01,53.6),
	(671,1,2021-01-01,51.7),
	(672,1,2021-01-01,92.87),
	(673,1,2021-01-01,491.42),
	(674,1,2021-01-01,263),
	(675,1,2021-01-01,958),
	(676,1,2021-01-01,50),
	(677,1,2021-01-01,191.51),
	(678,1,2021-01-01,337.07),
	(679,1,2021-01-01,467),
	(680,1,2021-01-01,50),
	(681,1,2021-01-01,1043),
	(682,1,2021-01-01,141.3),
	(683,1,2021-01-01,53.07),
	(684,1,2021-01-01,51.25),
	(685,1,2021-01-01,50),
	(686,1,2021-01-01,546),
	(687,1,2021-01-01,385.85),
	(688,1,2021-01-01,955.85),
	(689,1,2021-01-01,899.3),
	(690,1,2021-01-01,428),
	(691,1,2021-01-01,53.18),
	(692,1,2021-01-01,591),
	(693,1,2021-01-01,50),
	(694,1,2021-01-01,829),
	(695,1,2021-01-01,252.81),
	(696,1,2021-01-01,561),
	(697,1,2021-01-01,50),
	(698,1,2021-01-01,160.59),
	(699,1,2021-01-01,600.09),
	(700,1,2021-01-01,937),
	(701,1,2021-01-01,50),
	(702,1,2021-01-01,59.02),
	(703,1,2021-01-01,675.81),
	(704,1,2021-01-01,55.86),
	(705,1,2021-01-01,623.85),
	(706,1,2021-01-01,50),
	(707,1,2021-01-01,58.7),
	(708,1,2021-01-01,55.1),
	(709,1,2021-01-01,58.67),
	(710,1,2021-01-01,50),
	(711,1,2021-01-01,50),
	(712,1,2021-01-01,890.94),
	(713,1,2021-01-01,58.49),
	(714,1,2021-01-01,56.82),
	(715,1,2021-01-01,902.44),
	(716,1,2021-01-01,302),
	(717,1,2021-01-01,113.04),
	(718,1,2021-01-01,50),
	(719,1,2021-01-01,441),
	(720,1,2021-01-01,314.12),
	(721,1,2021-01-01,660),
	(722,1,2021-01-01,560),
	(723,1,2021-01-01,50),
	(724,1,2021-01-01,50),
	(725,1,2021-01-01,59.94),
	(726,1,2021-01-01,155),
	(727,1,2021-01-01,528),
	(728,1,2021-01-01,539.86),
	(729,1,2021-01-01,600),
	(730,1,2021-01-01,513),
	(731,1,2021-01-01,53.61),
	(732,1,2021-01-01,54.62),
	(733,1,2021-01-01,1036),
	(734,1,2021-01-01,951.57),
	(735,1,2021-01-01,52.16),
	(736,1,2021-01-01,50),
	(737,1,2021-01-01,50),
	(738,1,2021-01-01,880),
	(739,1,2021-01-01,306.84),
	(740,1,2021-01-01,685.32),
	(741,1,2021-01-01,100),
	(742,1,2021-01-01,878),
	(743,1,2021-01-01,675.46),
	(744,1,2021-01-01,278),
	(745,1,2021-01-01,50),
	(746,1,2021-01-01,213),
	(747,1,2021-01-01,50),
	(748,1,2021-01-01,54.43),
	(749,1,2021-01-01,50),
	(750,1,2021-01-01,552.43),
	(751,1,2021-01-01,173),
	(752,1,2021-01-01,725.6),
	(753,1,2021-01-01,897.97),
	(754,1,2021-01-01,50),
	(755,1,2021-01-01,790.05),
	(756,1,2021-01-01,50),
	(757,1,2021-01-01,51.13),
	(758,1,2021-01-01,152),
	(759,1,2021-01-01,1001.67),
	(760,1,2021-01-01,50),
	(761,1,2021-01-01,53.33),
	(762,1,2021-01-01,927),
	(763,1,2021-01-01,701),
	(764,1,2021-01-01,58.59),
	(765,1,2021-01-01,930),
	(766,1,2021-01-01,58.51),
	(767,1,2021-01-01,50),
	(768,1,2021-01-01,184.19),
	(769,1,2021-01-01,583.79),
	(770,1,2021-01-01,799),
	(771,1,2021-01-01,54.44),
	(772,1,2021-01-01,504.77),
	(773,1,2021-01-01,389),
	(774,1,2021-01-01,543),
	(775,1,2021-01-01,52.51),
	(776,1,2021-01-01,50),
	(777,1,2021-01-01,50),
	(778,1,2021-01-01,517),
	(779,1,2021-01-01,758.89),
	(780,1,2021-01-01,59.87),
	(781,1,2021-01-01,50),
	(782,1,2021-01-01,549.69),
	(783,1,2021-01-01,599.84),
	(784,1,2021-01-01,213.47),
	(785,1,2021-01-01,50),
	(786,1,2021-01-01,57.33),
	(787,1,2021-01-01,50),
	(788,1,2021-01-01,50),
	(789,1,2021-01-01,51.78),
	(790,1,2021-01-01,409),
	(791,1,2021-01-01,382.45),
	(792,1,2021-01-01,50),
	(793,1,2021-01-01,499.89),
	(794,1,2021-01-01,571.93),
	(795,1,2021-01-01,50),
	(796,1,2021-01-01,54.01),
	(797,1,2021-01-01,56.46),
	(798,1,2021-01-01,228),
	(799,1,2021-01-01,448),
	(800,1,2021-01-01,50),
	(801,1,2021-01-01,742),
	(802,1,2021-01-01,58.67),
	(803,1,2021-01-01,50),
	(804,1,2021-01-01,696.19),
	(805,1,2021-01-01,50),
	(806,1,2021-01-01,682.19),
	(807,1,2021-01-01,595),
	(808,1,2021-01-01,50),
	(809,1,2021-01-01,54.39),
	(810,1,2021-01-01,1040),
	(811,1,2021-01-01,50),
	(812,1,2021-01-01,143),
	(813,1,2021-01-01,747),
	(814,1,2021-01-01,312),
	(815,1,2021-01-01,921),
	(816,1,2021-01-01,50),
	(817,1,2021-01-01,363),
	(818,1,2021-01-01,1012),
	(819,1,2021-01-01,50),
	(820,1,2021-01-01,56.27),
	(821,1,2021-01-01,800),
	(822,1,2021-01-01,56.91),
	(823,1,2021-01-01,56.58),
	(824,1,2021-01-01,935),
	(825,1,2021-01-01,1039.49),
	(826,1,2021-01-01,729),
	(827,1,2021-01-01,50),
	(828,1,2021-01-01,50),
	(829,1,2021-01-01,55.34),
	(830,1,2021-01-01,56.5),
	(831,1,2021-01-01,257.61),
	(832,1,2021-01-01,59.32),
	(833,1,2021-01-01,395.96),
	(834,1,2021-01-01,550.69),
	(835,1,2021-01-01,759),
	(836,1,2021-01-01,893.06),
	(837,1,2021-01-01,1037),
	(838,1,2021-01-01,105.61),
	(839,1,2021-01-01,52.49),
	(840,1,2021-01-01,634),
	(841,1,2021-01-01,786.37),
	(842,1,2021-01-01,56.89),
	(843,1,2021-01-01,50),
	(844,1,2021-01-01,50),
	(845,1,2021-01-01,50),
	(846,1,2021-01-01,642),
	(847,1,2021-01-01,53.53),
	(848,1,2021-01-01,57.65),
	(849,1,2021-01-01,50),
	(850,1,2021-01-01,56.91),
	(851,1,2021-01-01,50),
	(852,1,2021-01-01,55.82),
	(853,1,2021-01-01,50),
	(854,1,2021-01-01,50),
	(855,1,2021-01-01,50),
	(856,1,2021-01-01,50),
	(857,1,2021-01-01,50),
	(858,1,2021-01-01,88),
	(859,1,2021-01-01,56.64),
	(860,1,2021-01-01,329.18),
	(861,1,2021-01-01,50),
	(862,1,2021-01-01,78.6),
	(863,1,2021-01-01,55.68),
	(864,1,2021-01-01,552),
	(865,1,2021-01-01,970),
	(866,1,2021-01-01,421),
	(867,1,2021-01-01,50),
	(868,1,2021-01-01,50),
	(869,1,2021-01-01,909.23),
	(870,1,2021-01-01,785),
	(871,1,2021-01-01,1014.18),
	(872,1,2021-01-01,50),
	(873,1,2021-01-01,969),
	(874,1,2021-01-01,50),
	(875,1,2021-01-01,50),
	(876,1,2021-01-01,50),
	(877,1,2021-01-01,55.97),
	(878,1,2021-01-01,50),
	(879,1,2021-01-01,55.51),
	(880,1,2021-01-01,50),
	(881,1,2021-01-01,50),
	(882,1,2021-01-01,396),
	(883,1,2021-01-01,963.29),
	(884,1,2021-01-01,470.06),
	(885,1,2021-01-01,50),
	(886,1,2021-01-01,59.47),
	(887,1,2021-01-01,234),
	(888,1,2021-01-01,50),
	(889,1,2021-01-01,50),
	(890,1,2021-01-01,54.87),
	(891,1,2021-01-01,57.51),
	(892,1,2021-01-01,226.07),
	(893,1,2021-01-01,50),
	(894,1,2021-01-01,50),
	(895,1,2021-01-01,50),
	(896,1,2021-01-01,50),
	(897,1,2021-01-01,50),
	(898,1,2021-01-01,57.52),
	(899,1,2021-01-01,50),
	(900,1,2021-01-01,54.42),
	(901,1,2021-01-01,50),
	(902,1,2021-01-01,765.26),
	(903,1,2021-01-01,54.21),
	(904,1,2021-01-01,605.04),
	(905,1,2021-01-01,50),
	(906,1,2021-01-01,367),
	(907,1,2021-01-01,575.36),
	(908,1,2021-01-01,909.19),
	(909,1,2021-01-01,50),
	(910,1,2021-01-01,52.87),
	(911,1,2021-01-01,864.38),
	(912,1,2021-01-01,956),
	(913,1,2021-01-01,50),
	(914,1,2021-01-01,580),
	(915,1,2021-01-01,50),
	(916,1,2021-01-01,1005),
	(917,1,2021-01-01,585.89),
	(918,1,2021-01-01,244.04),
	(919,1,2021-01-01,59.57),
	(920,1,2021-01-01,54.78),
	(921,1,2021-01-01,56.49),
	(922,1,2021-01-01,841.58),
	(923,1,2021-01-01,54.37),
	(924,1,2021-01-01,50),
	(925,1,2021-01-01,50),
	(926,1,2021-01-01,259.83),
	(927,1,2021-01-01,50),
	(928,1,2021-01-01,55.75),
	(929,1,2021-01-01,838.44),
	(930,1,2021-01-01,50),
	(931,1,2021-01-01,1023.36),
	(932,1,2021-01-01,51.18),
	(933,1,2021-01-01,914),
	(934,1,2021-01-01,117.18),
	(935,1,2021-01-01,50),
	(936,1,2021-01-01,797),
	(937,1,2021-01-01,57.96),
	(938,1,2021-01-01,50),
	(939,1,2021-01-01,250.85),
	(940,1,2021-01-01,522),
	(941,1,2021-01-01,741.39),
	(942,1,2021-01-01,50),
	(943,1,2021-01-01,55.93),
	(944,1,2021-01-01,56.6),
	(945,1,2021-01-01,141.95),
	(946,1,2021-01-01,58.81),
	(947,1,2021-01-01,50),
	(948,1,2021-01-01,53.53),
	(949,1,2021-01-01,401.26),
	(950,1,2021-01-01,987.71),
	(951,1,2021-01-01,50),
	(952,1,2021-01-01,50),
	(953,1,2021-01-01,50),
	(954,1,2021-01-01,50),
	(955,1,2021-01-01,51.16),
	(956,1,2021-01-01,116),
	(957,1,2021-01-01,748.42),
	(958,1,2021-01-01,50),
	(959,1,2021-01-01,639.09),
	(960,1,2021-01-01,176),
	(961,1,2021-01-01,50),
	(962,1,2021-01-01,702),
	(963,1,2021-01-01,50),
	(964,1,2021-01-01,50),
	(965,1,2021-01-01,800),
	(966,1,2021-01-01,50),
	(967,1,2021-01-01,136.08),
	(968,1,2021-01-01,50),
	(969,1,2021-01-01,601.72),
	(970,1,2021-01-01,50),
	(971,1,2021-01-01,54.73),
	(972,1,2021-01-01,465),
	(973,1,2021-01-01,50),
	(974,1,2021-01-01,504),
	(975,1,2021-01-01,717.07),
	(976,1,2021-01-01,50),
	(977,1,2021-01-01,863),
	(978,1,2021-01-01,290.32),
	(979,1,2021-01-01,660),
	(980,1,2021-01-01,63.05),
	(981,1,2021-01-01,50),
	(982,1,2021-01-01,52.61),
	(983,1,2021-01-01,831.69),
	(984,1,2021-01-01,1044),
	(985,1,2021-01-01,404),
	(986,1,2021-01-01,50),
	(987,1,2021-01-01,57.51),
	(988,1,2021-01-01,552),
	(989,1,2021-01-01,239),
	(990,1,2021-01-01,593.78),
	(991,1,2021-01-01,909.73),
	(992,1,2021-01-01,50),
	(993,1,2021-01-01,58.65),
	(994,1,2021-01-01,59.39),
	(995,1,2021-01-01,312),
	(996,1,2021-01-01,53.3),
	(997,1,2021-01-01,644),
	(998,1,2021-01-01,54.67);

INSERT INTO ProductBuyPrice (barcode, shop_id, start, buyPrice)
VALUES
	(999,1,2021-01-01,50),
	(1000,1,2021-01-01,922),
	(1001,1,2021-01-01,50),
	(1002,1,2021-01-01,442),
	(1003,1,2021-01-01,50),
	(1004,1,2021-01-01,51.22),
	(1005,1,2021-01-01,57.85),
	(1006,1,2021-01-01,385.64),
	(1007,1,2021-01-01,498.97),
	(1008,1,2021-01-01,350.45),
	(1009,1,2021-01-01,58.3),
	(1010,1,2021-01-01,50),
	(1011,1,2021-01-01,50),
	(1012,1,2021-01-01,50),
	(1013,1,2021-01-01,50),
	(1014,1,2021-01-01,647.98),
	(1015,1,2021-01-01,50),
	(1016,1,2021-01-01,50),
	(1017,1,2021-01-01,50),
	(1018,1,2021-01-01,50),
	(1019,1,2021-01-01,58.56),
	(1020,1,2021-01-01,834.6),
	(1021,1,2021-01-01,190.36),
	(1022,1,2021-01-01,50),
	(1023,1,2021-01-01,50),
	(1024,1,2021-01-01,545.81),
	(1025,1,2021-01-01,58.05),
	(1026,1,2021-01-01,50),
	(1027,1,2021-01-01,50),
	(1028,1,2021-01-01,50),
	(1029,1,2021-01-01,58.34),
	(1030,1,2021-01-01,411.73),
	(1031,1,2021-01-01,56.95),
	(1032,1,2021-01-01,55.81),
	(1033,1,2021-01-01,59.39),
	(1034,1,2021-01-01,50),
	(1035,1,2021-01-01,50),
	(1036,1,2021-01-01,51.36),
	(1037,1,2021-01-01,623),
	(1038,1,2021-01-01,625.44),
	(1039,1,2021-01-01,826.94),
	(1040,1,2021-01-01,166),
	(1041,1,2021-01-01,50),
	(1042,1,2021-01-01,55.19),
	(1043,1,2021-01-01,365),
	(1044,1,2021-01-01,50),
	(1045,1,2021-01-01,768),
	(1046,1,2021-01-01,50),
	(1047,1,2021-01-01,839),
	(1048,1,2021-01-01,226.67),
	(1049,1,2021-01-01,667),
	(1050,1,2021-01-01,57),
	(1051,1,2021-01-01,512),
	(1052,1,2021-01-01,50),
	(1053,1,2021-01-01,701),
	(1054,1,2021-01-01,50),
	(1055,1,2021-01-01,53.38),
	(1056,1,2021-01-01,179.15),
	(1057,1,2021-01-01,56.32),
	(1058,1,2021-01-01,58.97),
	(1059,1,2021-01-01,52.4),
	(1060,1,2021-01-01,840.74),
	(1061,1,2021-01-01,755),
	(1062,1,2021-01-01,188),
	(1063,1,2021-01-01,222),
	(1064,1,2021-01-01,50),
	(1065,1,2021-01-01,59.85),
	(1066,1,2021-01-01,50),
	(1067,1,2021-01-01,50),
	(1068,1,2021-01-01,50),
	(1069,1,2021-01-01,53.66),
	(1070,1,2021-01-01,50),
	(1071,1,2021-01-01,54.47),
	(1072,1,2021-01-01,54.86),
	(1073,1,2021-01-01,493.31),
	(1074,1,2021-01-01,895.02),
	(1075,1,2021-01-01,54.9),
	(1076,1,2021-01-01,111.76),
	(1077,1,2021-01-01,50),
	(1078,1,2021-01-01,50),
	(1079,1,2021-01-01,470),
	(1080,1,2021-01-01,50),
	(1081,1,2021-01-01,57.75),
	(1082,1,2021-01-01,56.71),
	(1083,1,2021-01-01,381),
	(1084,1,2021-01-01,845),
	(1085,1,2021-01-01,54.01),
	(1086,1,2021-01-01,50),
	(1087,1,2021-01-01,276.97),
	(1088,1,2021-01-01,191),
	(1089,1,2021-01-01,715),
	(1090,1,2021-01-01,50),
	(1091,1,2021-01-01,642.08),
	(1092,1,2021-01-01,165.33),
	(1093,1,2021-01-01,57),
	(1094,1,2021-01-01,50),
	(1095,1,2021-01-01,914.99),
	(1096,1,2021-01-01,355),
	(1097,1,2021-01-01,574),
	(1098,1,2021-01-01,54.54),
	(1099,1,2021-01-01,739),
	(1100,1,2021-01-01,53.44),
	(1101,1,2021-01-01,50),
	(1102,1,2021-01-01,335.68),
	(1103,1,2021-01-01,82.25),
	(1104,1,2021-01-01,397),
	(1105,1,2021-01-01,50),
	(1106,1,2021-01-01,613),
	(1107,1,2021-01-01,50),
	(1108,1,2021-01-01,50),
	(1109,1,2021-01-01,59.59),
	(1110,1,2021-01-01,855),
	(1111,1,2021-01-01,870),
	(1112,1,2021-01-01,871),
	(1113,1,2021-01-01,50),
	(1114,1,2021-01-01,50),
	(1115,1,2021-01-01,416),
	(1116,1,2021-01-01,50),
	(1117,1,2021-01-01,579),
	(1118,1,2021-01-01,51.49),
	(1119,1,2021-01-01,383.53),
	(1120,1,2021-01-01,479),
	(1121,1,2021-01-01,408),
	(1122,1,2021-01-01,50),
	(1123,1,2021-01-01,680),
	(1124,1,2021-01-01,52.69),
	(1125,1,2021-01-01,56.61),
	(1126,1,2021-01-01,919.41),
	(1127,1,2021-01-01,50),
	(1128,1,2021-01-01,166.67),
	(1129,1,2021-01-01,50),
	(1130,1,2021-01-01,274.51),
	(1131,1,2021-01-01,315),
	(1132,1,2021-01-01,380),
	(1133,1,2021-01-01,153),
	(1134,1,2021-01-01,508.33),
	(1135,1,2021-01-01,56.3),
	(1136,1,2021-01-01,823),
	(1137,1,2021-01-01,862),
	(1138,1,2021-01-01,694),
	(1139,1,2021-01-01,520),
	(1140,1,2021-01-01,52.94),
	(1141,1,2021-01-01,651),
	(1142,1,2021-01-01,50),
	(1143,1,2021-01-01,956),
	(1144,1,2021-01-01,50),
	(1145,1,2021-01-01,513.62),
	(1146,1,2021-01-01,497.67),
	(1147,1,2021-01-01,50),
	(1148,1,2021-01-01,56.02),
	(1149,1,2021-01-01,50),
	(1150,1,2021-01-01,58.04),
	(1151,1,2021-01-01,51.74),
	(1152,1,2021-01-01,691.85),
	(1153,1,2021-01-01,57.52),
	(1154,1,2021-01-01,50),
	(1155,1,2021-01-01,50),
	(1156,1,2021-01-01,56.9),
	(1157,1,2021-01-01,57.63),
	(1158,1,2021-01-01,55.05),
	(1159,1,2021-01-01,474.14),
	(1160,1,2021-01-01,59.24),
	(1161,1,2021-01-01,836),
	(1162,1,2021-01-01,50),
	(1163,1,2021-01-01,1022),
	(1164,1,2021-01-01,50),
	(1165,1,2021-01-01,109),
	(1166,1,2021-01-01,50),
	(1167,1,2021-01-01,575.58),
	(1168,1,2021-01-01,696),
	(1169,1,2021-01-01,50),
	(1170,1,2021-01-01,419.84),
	(1171,1,2021-01-01,51.33),
	(1172,1,2021-01-01,53.22),
	(1173,1,2021-01-01,50),
	(1174,1,2021-01-01,58.26),
	(1175,1,2021-01-01,985),
	(1176,1,2021-01-01,236),
	(1177,1,2021-01-01,58.34),
	(1178,1,2021-01-01,59.35),
	(1179,1,2021-01-01,680.8),
	(1180,1,2021-01-01,50),
	(1181,1,2021-01-01,52.66),
	(1182,1,2021-01-01,50),
	(1183,1,2021-01-01,52.07),
	(1184,1,2021-01-01,51.37),
	(1185,1,2021-01-01,102),
	(1186,1,2021-01-01,50),
	(1187,1,2021-01-01,50),
	(1188,1,2021-01-01,50),
	(1189,1,2021-01-01,850),
	(1190,1,2021-01-01,385),
	(1191,1,2021-01-01,59.53),
	(1192,1,2021-01-01,963.08),
	(1193,1,2021-01-01,50),
	(1194,1,2021-01-01,50),
	(1195,1,2021-01-01,999.12),
	(1196,1,2021-01-01,54.84),
	(1197,1,2021-01-01,148.21),
	(1198,1,2021-01-01,50),
	(1199,1,2021-01-01,117),
	(1200,1,2021-01-01,50),
	(1201,1,2021-01-01,665),
	(1202,1,2021-01-01,601),
	(1203,1,2021-01-01,51.09),
	(1204,1,2021-01-01,556.21),
	(1205,1,2021-01-01,51.31),
	(1206,1,2021-01-01,50),
	(1207,1,2021-01-01,57.78),
	(1208,1,2021-01-01,50),
	(1209,1,2021-01-01,50),
	(1210,1,2021-01-01,52.65),
	(1211,1,2021-01-01,180),
	(1212,1,2021-01-01,88),
	(1213,1,2021-01-01,1005.43),
	(1214,1,2021-01-01,920),
	(1215,1,2021-01-01,55.66),
	(1216,1,2021-01-01,800),
	(1217,1,2021-01-01,872),
	(1218,1,2021-01-01,643),
	(1219,1,2021-01-01,54.71),
	(1220,1,2021-01-01,992.13),
	(1221,1,2021-01-01,419),
	(1222,1,2021-01-01,50),
	(1223,1,2021-01-01,467.85),
	(1224,1,2021-01-01,50),
	(1225,1,2021-01-01,143.25),
	(1226,1,2021-01-01,50),
	(1227,1,2021-01-01,897),
	(1228,1,2021-01-01,50),
	(1229,1,2021-01-01,50),
	(1230,1,2021-01-01,59.36),
	(1231,1,2021-01-01,53.06),
	(1232,1,2021-01-01,104.92),
	(1233,1,2021-01-01,932.51),
	(1234,1,2021-01-01,972.32),
	(1235,1,2021-01-01,409.72),
	(1236,1,2021-01-01,53.96),
	(1237,1,2021-01-01,58.23),
	(1238,1,2021-01-01,587),
	(1239,1,2021-01-01,50),
	(1240,1,2021-01-01,367),
	(1241,1,2021-01-01,50),
	(1242,1,2021-01-01,50),
	(1243,1,2021-01-01,229.11),
	(1244,1,2021-01-01,694),
	(1245,1,2021-01-01,59.01),
	(1246,1,2021-01-01,867),
	(1247,1,2021-01-01,50),
	(1248,1,2021-01-01,1005.68),
	(1249,1,2021-01-01,885),
	(1250,1,2021-01-01,57.13),
	(1251,1,2021-01-01,402.61),
	(1252,1,2021-01-01,225),
	(1253,1,2021-01-01,50),
	(1254,1,2021-01-01,50),
	(1255,1,2021-01-01,54.34),
	(1256,1,2021-01-01,50),
	(1257,1,2021-01-01,58.24),
	(1258,1,2021-01-01,711.63),
	(1259,1,2021-01-01,119),
	(1260,1,2021-01-01,51.9),
	(1261,1,2021-01-01,345),
	(1262,1,2021-01-01,812),
	(1263,1,2021-01-01,50),
	(1264,1,2021-01-01,50),
	(1265,1,2021-01-01,50),
	(1266,1,2021-01-01,53.39),
	(1267,1,2021-01-01,57.18),
	(1268,1,2021-01-01,50),
	(1269,1,2021-01-01,57.98),
	(1270,1,2021-01-01,385),
	(1271,1,2021-01-01,967.85),
	(1272,1,2021-01-01,50),
	(1273,1,2021-01-01,56.57),
	(1274,1,2021-01-01,523),
	(1275,1,2021-01-01,201),
	(1276,1,2021-01-01,56.76),
	(1277,1,2021-01-01,56.23),
	(1278,1,2021-01-01,613),
	(1279,1,2021-01-01,1029),
	(1280,1,2021-01-01,402.44),
	(1281,1,2021-01-01,102.58),
	(1282,1,2021-01-01,703),
	(1283,1,2021-01-01,371),
	(1284,1,2021-01-01,50),
	(1285,1,2021-01-01,376.31),
	(1286,1,2021-01-01,50),
	(1287,1,2021-01-01,59.56),
	(1288,1,2021-01-01,1036.7),
	(1289,1,2021-01-01,56.29),
	(1290,1,2021-01-01,660.48),
	(1291,1,2021-01-01,405.04),
	(1292,1,2021-01-01,50),
	(1293,1,2021-01-01,186.6),
	(1294,1,2021-01-01,313.17),
	(1295,1,2021-01-01,990.66),
	(1296,1,2021-01-01,765.49),
	(1297,1,2021-01-01,50),
	(1298,1,2021-01-01,50),
	(1299,1,2021-01-01,682),
	(1300,1,2021-01-01,358.55),
	(1301,1,2021-01-01,52.87),
	(1302,1,2021-01-01,630),
	(1303,1,2021-01-01,55.54),
	(1304,1,2021-01-01,55.42),
	(1305,1,2021-01-01,85),
	(1306,1,2021-01-01,419.11),
	(1307,1,2021-01-01,59.07),
	(1308,1,2021-01-01,830),
	(1309,1,2021-01-01,372),
	(1310,1,2021-01-01,59),
	(1311,1,2021-01-01,504),
	(1312,1,2021-01-01,318),
	(1313,1,2021-01-01,992.55),
	(1314,1,2021-01-01,480.68),
	(1315,1,2021-01-01,51.25),
	(1316,1,2021-01-01,698.87),
	(1317,1,2021-01-01,1020.48),
	(1318,1,2021-01-01,559.69),
	(1319,1,2021-01-01,50),
	(1320,1,2021-01-01,348),
	(1321,1,2021-01-01,442.74),
	(1322,1,2021-01-01,448),
	(1323,1,2021-01-01,53.91),
	(1324,1,2021-01-01,50),
	(1325,1,2021-01-01,563),
	(1326,1,2021-01-01,50),
	(1327,1,2021-01-01,262.39),
	(1328,1,2021-01-01,52.82),
	(1329,1,2021-01-01,50),
	(1330,1,2021-01-01,54.69),
	(1331,1,2021-01-01,728),
	(1332,1,2021-01-01,213),
	(1333,1,2021-01-01,50),
	(1334,1,2021-01-01,52.12),
	(1335,1,2021-01-01,57.08),
	(1336,1,2021-01-01,53.17),
	(1337,1,2021-01-01,591),
	(1338,1,2021-01-01,50),
	(1339,1,2021-01-01,1015.43),
	(1340,1,2021-01-01,982),
	(1341,1,2021-01-01,50),
	(1342,1,2021-01-01,50),
	(1343,1,2021-01-01,53.33),
	(1344,1,2021-01-01,50),
	(1345,1,2021-01-01,1001),
	(1346,1,2021-01-01,416),
	(1347,1,2021-01-01,338),
	(1348,1,2021-01-01,58.96),
	(1349,1,2021-01-01,1034.36),
	(1350,1,2021-01-01,972.68),
	(1351,1,2021-01-01,54.43),
	(1352,1,2021-01-01,52.65),
	(1353,1,2021-01-01,50),
	(1354,1,2021-01-01,55.62),
	(1355,1,2021-01-01,56.6),
	(1356,1,2021-01-01,550.89),
	(1357,1,2021-01-01,423),
	(1358,1,2021-01-01,704.52),
	(1359,1,2021-01-01,50),
	(1360,1,2021-01-01,54.49),
	(1361,1,2021-01-01,713.49),
	(1362,1,2021-01-01,56.04),
	(1363,1,2021-01-01,50),
	(1364,1,2021-01-01,956),
	(1365,1,2021-01-01,50),
	(1366,1,2021-01-01,50),
	(1367,1,2021-01-01,379.71),
	(1368,1,2021-01-01,355.56),
	(1369,1,2021-01-01,474),
	(1370,1,2021-01-01,498.03),
	(1371,1,2021-01-01,392.21),
	(1372,1,2021-01-01,50),
	(1373,1,2021-01-01,837.87),
	(1374,1,2021-01-01,525),
	(1375,1,2021-01-01,691),
	(1376,1,2021-01-01,1008),
	(1377,1,2021-01-01,178),
	(1378,1,2021-01-01,51.71),
	(1379,1,2021-01-01,342),
	(1380,1,2021-01-01,821),
	(1381,1,2021-01-01,193),
	(1382,1,2021-01-01,50),
	(1383,1,2021-01-01,50),
	(1384,1,2021-01-01,373),
	(1385,1,2021-01-01,59.95),
	(1386,1,2021-01-01,301),
	(1387,1,2021-01-01,59.22),
	(1388,1,2021-01-01,764),
	(1389,1,2021-01-01,56.69),
	(1390,1,2021-01-01,57.55),
	(1391,1,2021-01-01,50),
	(1392,1,2021-01-01,578),
	(1393,1,2021-01-01,1020),
	(1394,1,2021-01-01,50),
	(1395,1,2021-01-01,1014.02),
	(1396,1,2021-01-01,57.29),
	(1397,1,2021-01-01,805.26),
	(1398,1,2021-01-01,53.02),
	(1399,1,2021-01-01,216.01),
	(1400,1,2021-01-01,981.88),
	(1401,1,2021-01-01,50),
	(1402,1,2021-01-01,50),
	(1403,1,2021-01-01,52.7),
	(1404,1,2021-01-01,50),
	(1405,1,2021-01-01,50),
	(1406,1,2021-01-01,839),
	(1407,1,2021-01-01,52.46),
	(1408,1,2021-01-01,58.98),
	(1409,1,2021-01-01,351),
	(1410,1,2021-01-01,50),
	(1411,1,2021-01-01,50),
	(1412,1,2021-01-01,50),
	(1413,1,2021-01-01,50),
	(1414,1,2021-01-01,50),
	(1415,1,2021-01-01,52.07),
	(1416,1,2021-01-01,55.76),
	(1417,1,2021-01-01,50),
	(1418,1,2021-01-01,50),
	(1419,1,2021-01-01,883),
	(1420,1,2021-01-01,50),
	(1421,1,2021-01-01,921.84),
	(1422,1,2021-01-01,277.26),
	(1423,1,2021-01-01,50),
	(1424,1,2021-01-01,80.37),
	(1425,1,2021-01-01,53.81),
	(1426,1,2021-01-01,468),
	(1427,1,2021-01-01,650.4),
	(1428,1,2021-01-01,55.49),
	(1429,1,2021-01-01,58.43),
	(1430,1,2021-01-01,296.53),
	(1431,1,2021-01-01,59.02),
	(1432,1,2021-01-01,581),
	(1433,1,2021-01-01,56.85),
	(1434,1,2021-01-01,316.7),
	(1435,1,2021-01-01,892),
	(1436,1,2021-01-01,289),
	(1437,1,2021-01-01,1044),
	(1438,1,2021-01-01,51.98),
	(1439,1,2021-01-01,59.83),
	(1440,1,2021-01-01,935.48),
	(1441,1,2021-01-01,855),
	(1442,1,2021-01-01,963.51),
	(1443,1,2021-01-01,50),
	(1444,1,2021-01-01,668),
	(1445,1,2021-01-01,54.17),
	(1446,1,2021-01-01,753.95),
	(1447,1,2021-01-01,572.11),
	(1448,1,2021-01-01,781.58),
	(1449,1,2021-01-01,50),
	(1450,1,2021-01-01,394),
	(1451,1,2021-01-01,579.14),
	(1452,1,2021-01-01,50),
	(1453,1,2021-01-01,299),
	(1454,1,2021-01-01,857.61),
	(1455,1,2021-01-01,313),
	(1456,1,2021-01-01,935.68),
	(1457,1,2021-01-01,457),
	(1458,1,2021-01-01,53.39),
	(1459,1,2021-01-01,50),
	(1460,1,2021-01-01,56.6),
	(1461,1,2021-01-01,406.76),
	(1462,1,2021-01-01,55.76),
	(1463,1,2021-01-01,172.7),
	(1464,1,2021-01-01,50),
	(1465,1,2021-01-01,904),
	(1466,1,2021-01-01,498),
	(1467,1,2021-01-01,611),
	(1468,1,2021-01-01,778),
	(1469,1,2021-01-01,50),
	(1470,1,2021-01-01,685.86),
	(1471,1,2021-01-01,58.9),
	(1472,1,2021-01-01,450.71),
	(1473,1,2021-01-01,647.73),
	(1474,1,2021-01-01,50),
	(1475,1,2021-01-01,58.85),
	(1476,1,2021-01-01,508),
	(1477,1,2021-01-01,285.8),
	(1478,1,2021-01-01,160.33),
	(1479,1,2021-01-01,50),
	(1480,1,2021-01-01,638),
	(1481,1,2021-01-01,957.03),
	(1482,1,2021-01-01,57.47),
	(1483,1,2021-01-01,50),
	(1484,1,2021-01-01,499),
	(1485,1,2021-01-01,50),
	(1486,1,2021-01-01,50),
	(1487,1,2021-01-01,58.09),
	(1488,1,2021-01-01,51.93),
	(1489,1,2021-01-01,50),
	(1490,1,2021-01-01,50),
	(1491,1,2021-01-01,58.75),
	(1492,1,2021-01-01,487),
	(1493,1,2021-01-01,55.86),
	(1494,1,2021-01-01,515),
	(1495,1,2021-01-01,50),
	(1496,1,2021-01-01,644),
	(1497,1,2021-01-01,50),
	(1498,1,2021-01-01,56.3),
	(1499,1,2021-01-01,1048.33),
	(1500,1,2021-01-01,57.23),
	(1501,1,2021-01-01,50),
	(1502,1,2021-01-01,244.39),
	(1503,1,2021-01-01,960),
	(1504,1,2021-01-01,50),
	(1505,1,2021-01-01,57.57),
	(1506,1,2021-01-01,607),
	(1507,1,2021-01-01,50),
	(1508,1,2021-01-01,50),
	(1509,1,2021-01-01,297.62),
	(1510,1,2021-01-01,50),
	(1511,1,2021-01-01,50),
	(1512,1,2021-01-01,59.06),
	(1513,1,2021-01-01,1046),
	(1514,1,2021-01-01,50),
	(1515,1,2021-01-01,51.46),
	(1516,1,2021-01-01,941),
	(1517,1,2021-01-01,50),
	(1518,1,2021-01-01,659.3),
	(1519,1,2021-01-01,59.71),
	(1520,1,2021-01-01,905),
	(1521,1,2021-01-01,583),
	(1522,1,2021-01-01,548),
	(1523,1,2021-01-01,50),
	(1524,1,2021-01-01,50),
	(1525,1,2021-01-01,50),
	(1526,1,2021-01-01,58.79),
	(1527,1,2021-01-01,285.07),
	(1528,1,2021-01-01,50),
	(1529,1,2021-01-01,50),
	(1530,1,2021-01-01,50),
	(1531,1,2021-01-01,50),
	(1532,1,2021-01-01,52.97),
	(1533,1,2021-01-01,56.65),
	(1534,1,2021-01-01,59.77),
	(1535,1,2021-01-01,59.01),
	(1536,1,2021-01-01,357),
	(1537,1,2021-01-01,51),
	(1538,1,2021-01-01,556.31),
	(1539,1,2021-01-01,50),
	(1540,1,2021-01-01,583),
	(1541,1,2021-01-01,1021.69),
	(1542,1,2021-01-01,604),
	(1543,1,2021-01-01,50),
	(1544,1,2021-01-01,50),
	(1545,1,2021-01-01,927.11),
	(1546,1,2021-01-01,818),
	(1547,1,2021-01-01,681.17),
	(1548,1,2021-01-01,50),
	(1549,1,2021-01-01,58.4),
	(1550,1,2021-01-01,691),
	(1551,1,2021-01-01,50),
	(1552,1,2021-01-01,50),
	(1553,1,2021-01-01,57.59),
	(1554,1,2021-01-01,50),
	(1555,1,2021-01-01,926),
	(1556,1,2021-01-01,50),
	(1557,1,2021-01-01,54.25),
	(1558,1,2021-01-01,59.34),
	(1559,1,2021-01-01,50),
	(1560,1,2021-01-01,445.04),
	(1561,1,2021-01-01,109.02),
	(1562,1,2021-01-01,524),
	(1563,1,2021-01-01,756),
	(1564,1,2021-01-01,341),
	(1565,1,2021-01-01,50),
	(1566,1,2021-01-01,50),
	(1567,1,2021-01-01,59.97),
	(1568,1,2021-01-01,56.99),
	(1569,1,2021-01-01,731),
	(1570,1,2021-01-01,967.78),
	(1571,1,2021-01-01,538),
	(1572,1,2021-01-01,116),
	(1573,1,2021-01-01,57.14),
	(1574,1,2021-01-01,53.7),
	(1575,1,2021-01-01,715.49),
	(1576,1,2021-01-01,984),
	(1577,1,2021-01-01,70),
	(1578,1,2021-01-01,50),
	(1579,1,2021-01-01,982),
	(1580,1,2021-01-01,50),
	(1581,1,2021-01-01,509),
	(1582,1,2021-01-01,58.7),
	(1583,1,2021-01-01,260.1),
	(1584,1,2021-01-01,343.81),
	(1585,1,2021-01-01,1047),
	(1586,1,2021-01-01,138.64),
	(1587,1,2021-01-01,572),
	(1588,1,2021-01-01,162.36),
	(1589,1,2021-01-01,702),
	(1590,1,2021-01-01,52.87),
	(1591,1,2021-01-01,555),
	(1592,1,2021-01-01,312),
	(1593,1,2021-01-01,52.25),
	(1594,1,2021-01-01,460),
	(1595,1,2021-01-01,999),
	(1596,1,2021-01-01,899),
	(1597,1,2021-01-01,700),
	(1598,1,2021-01-01,689.4),
	(1599,1,2021-01-01,50),
	(1600,1,2021-01-01,862.22),
	(1601,1,2021-01-01,50),
	(1602,1,2021-01-01,750),
	(1603,1,2021-01-01,50),
	(1604,1,2021-01-01,959),
	(1605,1,2021-01-01,56.39),
	(1606,1,2021-01-01,1037.99),
	(1607,1,2021-01-01,51.23),
	(1608,1,2021-01-01,1013.97),
	(1609,1,2021-01-01,52.32),
	(1610,1,2021-01-01,538),
	(1611,1,2021-01-01,50),
	(1612,1,2021-01-01,705),
	(1613,1,2021-01-01,119),
	(1614,1,2021-01-01,50),
	(1615,1,2021-01-01,50),
	(1616,1,2021-01-01,57.06),
	(1617,1,2021-01-01,50),
	(1618,1,2021-01-01,50),
	(1619,1,2021-01-01,50),
	(1620,1,2021-01-01,50),
	(1621,1,2021-01-01,254.39),
	(1622,1,2021-01-01,475.57),
	(1623,1,2021-01-01,565),
	(1624,1,2021-01-01,646),
	(1625,1,2021-01-01,50),
	(1626,1,2021-01-01,58.08),
	(1627,1,2021-01-01,362.36),
	(1628,1,2021-01-01,754.29),
	(1629,1,2021-01-01,50),
	(1630,1,2021-01-01,173.84),
	(1631,1,2021-01-01,58.24),
	(1632,1,2021-01-01,56.75),
	(1633,1,2021-01-01,161),
	(1634,1,2021-01-01,561.95),
	(1635,1,2021-01-01,50),
	(1636,1,2021-01-01,127),
	(1637,1,2021-01-01,59.95),
	(1638,1,2021-01-01,59.18),
	(1639,1,2021-01-01,916),
	(1640,1,2021-01-01,899),
	(1641,1,2021-01-01,371),
	(1642,1,2021-01-01,55.82),
	(1643,1,2021-01-01,57.87),
	(1644,1,2021-01-01,667),
	(1645,1,2021-01-01,56.92),
	(1646,1,2021-01-01,54.25),
	(1647,1,2021-01-01,52.23),
	(1648,1,2021-01-01,440.72),
	(1649,1,2021-01-01,397),
	(1650,1,2021-01-01,1038.57),
	(1651,1,2021-01-01,50),
	(1652,1,2021-01-01,662.32),
	(1653,1,2021-01-01,917.01),
	(1654,1,2021-01-01,60),
	(1655,1,2021-01-01,892.85),
	(1656,1,2021-01-01,58.01),
	(1657,1,2021-01-01,59.97),
	(1658,1,2021-01-01,51.66),
	(1659,1,2021-01-01,50),
	(1660,1,2021-01-01,1008.01),
	(1661,1,2021-01-01,381.26),
	(1662,1,2021-01-01,50),
	(1663,1,2021-01-01,94.79),
	(1664,1,2021-01-01,351),
	(1665,1,2021-01-01,54.77),
	(1666,1,2021-01-01,830),
	(1667,1,2021-01-01,50),
	(1668,1,2021-01-01,341),
	(1669,1,2021-01-01,946.75),
	(1670,1,2021-01-01,50),
	(1671,1,2021-01-01,50),
	(1672,1,2021-01-01,55.15),
	(1673,1,2021-01-01,56.75),
	(1674,1,2021-01-01,50),
	(1675,1,2021-01-01,800),
	(1676,1,2021-01-01,785.06),
	(1677,1,2021-01-01,81.3),
	(1678,1,2021-01-01,50),
	(1679,1,2021-01-01,58.7),
	(1680,1,2021-01-01,432),
	(1681,1,2021-01-01,654.76),
	(1682,1,2021-01-01,316.59),
	(1683,1,2021-01-01,55.16),
	(1684,1,2021-01-01,585),
	(1685,1,2021-01-01,50),
	(1686,1,2021-01-01,57.59),
	(1687,1,2021-01-01,679.48),
	(1688,1,2021-01-01,965.98),
	(1689,1,2021-01-01,766.65),
	(1690,1,2021-01-01,125),
	(1691,1,2021-01-01,59.48),
	(1692,1,2021-01-01,1049),
	(1693,1,2021-01-01,50),
	(1694,1,2021-01-01,51.38),
	(1695,1,2021-01-01,51.44),
	(1696,1,2021-01-01,766.33),
	(1697,1,2021-01-01,58.43),
	(1698,1,2021-01-01,398.74),
	(1699,1,2021-01-01,119),
	(1700,1,2021-01-01,631),
	(1701,1,2021-01-01,50),
	(1702,1,2021-01-01,50),
	(1703,1,2021-01-01,1047.55),
	(1704,1,2021-01-01,50),
	(1705,1,2021-01-01,50),
	(1706,1,2021-01-01,291.29),
	(1707,1,2021-01-01,787.62),
	(1708,1,2021-01-01,335),
	(1709,1,2021-01-01,50),
	(1710,1,2021-01-01,543),
	(1711,1,2021-01-01,226.81),
	(1712,1,2021-01-01,455),
	(1713,1,2021-01-01,926.3),
	(1714,1,2021-01-01,55.57),
	(1715,1,2021-01-01,87.2),
	(1716,1,2021-01-01,57.81),
	(1717,1,2021-01-01,722),
	(1718,1,2021-01-01,526.9),
	(1719,1,2021-01-01,294),
	(1720,1,2021-01-01,50),
	(1721,1,2021-01-01,50),
	(1722,1,2021-01-01,289.49),
	(1723,1,2021-01-01,203.08),
	(1724,1,2021-01-01,59.91),
	(1725,1,2021-01-01,671),
	(1726,1,2021-01-01,59.65),
	(1727,1,2021-01-01,608.19),
	(1728,1,2021-01-01,199.69),
	(1729,1,2021-01-01,55.78),
	(1730,1,2021-01-01,570),
	(1731,1,2021-01-01,55.78),
	(1732,1,2021-01-01,50),
	(1733,1,2021-01-01,50),
	(1734,1,2021-01-01,1006.08),
	(1735,1,2021-01-01,55.92),
	(1736,1,2021-01-01,57.52),
	(1737,1,2021-01-01,1026),
	(1738,1,2021-01-01,159.78),
	(1739,1,2021-01-01,51.95),
	(1740,1,2021-01-01,59.85),
	(1741,1,2021-01-01,50),
	(1742,1,2021-01-01,50),
	(1743,1,2021-01-01,50),
	(1744,1,2021-01-01,254),
	(1745,1,2021-01-01,55.46),
	(1746,1,2021-01-01,450),
	(1747,1,2021-01-01,51.63),
	(1748,1,2021-01-01,52.01),
	(1749,1,2021-01-01,875),
	(1750,1,2021-01-01,85.13),
	(1751,1,2021-01-01,669),
	(1752,1,2021-01-01,755),
	(1753,1,2021-01-01,166.31),
	(1754,1,2021-01-01,357),
	(1755,1,2021-01-01,402.22),
	(1756,1,2021-01-01,50),
	(1757,1,2021-01-01,222.85),
	(1758,1,2021-01-01,50),
	(1759,1,2021-01-01,651.01),
	(1760,1,2021-01-01,762),
	(1761,1,2021-01-01,137.69),
	(1762,1,2021-01-01,574),
	(1763,1,2021-01-01,642.12),
	(1764,1,2021-01-01,50),
	(1765,1,2021-01-01,671),
	(1766,1,2021-01-01,50),
	(1767,1,2021-01-01,173.44),
	(1768,1,2021-01-01,58.63),
	(1769,1,2021-01-01,54.45),
	(1770,1,2021-01-01,515.03),
	(1771,1,2021-01-01,805),
	(1772,1,2021-01-01,145.53),
	(1773,1,2021-01-01,50),
	(1774,1,2021-01-01,701),
	(1775,1,2021-01-01,58.27),
	(1776,1,2021-01-01,50),
	(1777,1,2021-01-01,606.79),
	(1778,1,2021-01-01,157),
	(1779,1,2021-01-01,58.18),
	(1780,1,2021-01-01,59.57),
	(1781,1,2021-01-01,51.39),
	(1782,1,2021-01-01,115.32),
	(1783,1,2021-01-01,53.39),
	(1784,1,2021-01-01,896.82),
	(1785,1,2021-01-01,50),
	(1786,1,2021-01-01,929),
	(1787,1,2021-01-01,52.42),
	(1788,1,2021-01-01,50),
	(1789,1,2021-01-01,858.12),
	(1790,1,2021-01-01,50),
	(1791,1,2021-01-01,914),
	(1792,1,2021-01-01,228),
	(1793,1,2021-01-01,1020.73),
	(1794,1,2021-01-01,50),
	(1795,1,2021-01-01,50),
	(1796,1,2021-01-01,50),
	(1797,1,2021-01-01,50),
	(1798,1,2021-01-01,50),
	(1799,1,2021-01-01,50),
	(1800,1,2021-01-01,666),
	(1801,1,2021-01-01,870.26),
	(1802,1,2021-01-01,194),
	(1803,1,2021-01-01,957),
	(1804,1,2021-01-01,50),
	(1805,1,2021-01-01,50),
	(1806,1,2021-01-01,58.18),
	(1807,1,2021-01-01,50),
	(1808,1,2021-01-01,334.69),
	(1809,1,2021-01-01,74),
	(1810,1,2021-01-01,50),
	(1811,1,2021-01-01,50),
	(1812,1,2021-01-01,54.56),
	(1813,1,2021-01-01,294),
	(1814,1,2021-01-01,50),
	(1815,1,2021-01-01,50),
	(1816,1,2021-01-01,56.07),
	(1817,1,2021-01-01,51.8),
	(1818,1,2021-01-01,1024),
	(1819,1,2021-01-01,50),
	(1820,1,2021-01-01,56.45),
	(1821,1,2021-01-01,50),
	(1822,1,2021-01-01,155),
	(1823,1,2021-01-01,50),
	(1824,1,2021-01-01,57.57),
	(1825,1,2021-01-01,50),
	(1826,1,2021-01-01,458.61),
	(1827,1,2021-01-01,54.13),
	(1828,1,2021-01-01,120),
	(1829,1,2021-01-01,122.86),
	(1830,1,2021-01-01,50),
	(1831,1,2021-01-01,54.01),
	(1832,1,2021-01-01,50),
	(1833,1,2021-01-01,609),
	(1834,1,2021-01-01,176),
	(1835,1,2021-01-01,51.85),
	(1836,1,2021-01-01,56.34),
	(1837,1,2021-01-01,989),
	(1838,1,2021-01-01,50),
	(1839,1,2021-01-01,59.94),
	(1840,1,2021-01-01,50),
	(1841,1,2021-01-01,56.64),
	(1842,1,2021-01-01,363),
	(1843,1,2021-01-01,455),
	(1844,1,2021-01-01,408),
	(1845,1,2021-01-01,50),
	(1846,1,2021-01-01,842),
	(1847,1,2021-01-01,50),
	(1848,1,2021-01-01,50),
	(1849,1,2021-01-01,56.5),
	(1850,1,2021-01-01,50),
	(1851,1,2021-01-01,50),
	(1852,1,2021-01-01,55.08),
	(1853,1,2021-01-01,54.73),
	(1854,1,2021-01-01,941.77),
	(1855,1,2021-01-01,478.95),
	(1856,1,2021-01-01,50),
	(1857,1,2021-01-01,51.26),
	(1858,1,2021-01-01,236),
	(1859,1,2021-01-01,106),
	(1860,1,2021-01-01,771),
	(1861,1,2021-01-01,50),
	(1862,1,2021-01-01,50),
	(1863,1,2021-01-01,536.02),
	(1864,1,2021-01-01,390),
	(1865,1,2021-01-01,55.13),
	(1866,1,2021-01-01,74),
	(1867,1,2021-01-01,249),
	(1868,1,2021-01-01,575.32),
	(1869,1,2021-01-01,50),
	(1870,1,2021-01-01,76),
	(1871,1,2021-01-01,50),
	(1872,1,2021-01-01,50),
	(1873,1,2021-01-01,754),
	(1874,1,2021-01-01,182),
	(1875,1,2021-01-01,59.47),
	(1876,1,2021-01-01,58.88),
	(1877,1,2021-01-01,903.4),
	(1878,1,2021-01-01,50),
	(1879,1,2021-01-01,56.46),
	(1880,1,2021-01-01,58.36),
	(1881,1,2021-01-01,979),
	(1882,1,2021-01-01,58.94),
	(1883,1,2021-01-01,603),
	(1884,1,2021-01-01,51.28),
	(1885,1,2021-01-01,50),
	(1886,1,2021-01-01,713.7),
	(1887,1,2021-01-01,198),
	(1888,1,2021-01-01,50),
	(1889,1,2021-01-01,58.04),
	(1890,1,2021-01-01,201),
	(1891,1,2021-01-01,228),
	(1892,1,2021-01-01,553),
	(1893,1,2021-01-01,50),
	(1894,1,2021-01-01,255),
	(1895,1,2021-01-01,471.88),
	(1896,1,2021-01-01,59.09),
	(1897,1,2021-01-01,55.49),
	(1898,1,2021-01-01,545),
	(1899,1,2021-01-01,57),
	(1900,1,2021-01-01,452.64),
	(1901,1,2021-01-01,952),
	(1902,1,2021-01-01,615.42),
	(1903,1,2021-01-01,348),
	(1904,1,2021-01-01,752),
	(1905,1,2021-01-01,974),
	(1906,1,2021-01-01,557),
	(1907,1,2021-01-01,671.39),
	(1908,1,2021-01-01,50),
	(1909,1,2021-01-01,50),
	(1910,1,2021-01-01,50),
	(1911,1,2021-01-01,947),
	(1912,1,2021-01-01,50),
	(1913,1,2021-01-01,633),
	(1914,1,2021-01-01,661),
	(1915,1,2021-01-01,50),
	(1916,1,2021-01-01,300),
	(1917,1,2021-01-01,435.41),
	(1918,1,2021-01-01,1023.88),
	(1919,1,2021-01-01,677),
	(1920,1,2021-01-01,53.38),
	(1921,1,2021-01-01,859),
	(1922,1,2021-01-01,50),
	(1923,1,2021-01-01,53.98),
	(1924,1,2021-01-01,50);


INSERT INTO ProductBuyPrice (barcode, shop_id, start, buyPrice)
VALUES
	(1925,1,2021-01-01,54.09),
	(1926,1,2021-01-01,762.34),
	(1927,1,2021-01-01,760),
	(1928,1,2021-01-01,50),
	(1929,1,2021-01-01,58.17),
	(1930,1,2021-01-01,777.78),
	(1931,1,2021-01-01,50),
	(1932,1,2021-01-01,857.84),
	(1933,1,2021-01-01,719.59),
	(1934,1,2021-01-01,50),
	(1935,1,2021-01-01,285.2),
	(1936,1,2021-01-01,558),
	(1937,1,2021-01-01,741),
	(1938,1,2021-01-01,986),
	(1939,1,2021-01-01,50),
	(1940,1,2021-01-01,150),
	(1941,1,2021-01-01,50),
	(1942,1,2021-01-01,632.37),
	(1943,1,2021-01-01,50),
	(1944,1,2021-01-01,50),
	(1945,1,2021-01-01,52.6),
	(1946,1,2021-01-01,50),
	(1947,1,2021-01-01,50),
	(1948,1,2021-01-01,890),
	(1949,1,2021-01-01,57.1),
	(1950,1,2021-01-01,496.65),
	(1951,1,2021-01-01,514),
	(1952,1,2021-01-01,693),
	(1953,1,2021-01-01,251.31),
	(1954,1,2021-01-01,50),
	(1955,1,2021-01-01,58.61),
	(1956,1,2021-01-01,595),
	(1957,1,2021-01-01,50),
	(1958,1,2021-01-01,583),
	(1959,1,2021-01-01,59.49),
	(1960,1,2021-01-01,483.83),
	(1961,1,2021-01-01,55.42),
	(1962,1,2021-01-01,760.36),
	(1963,1,2021-01-01,662.16),
	(1964,1,2021-01-01,303),
	(1965,1,2021-01-01,50),
	(1966,1,2021-01-01,54.91),
	(1967,1,2021-01-01,908),
	(1968,1,2021-01-01,52.79),
	(1969,1,2021-01-01,507),
	(1970,1,2021-01-01,900.86),
	(1971,1,2021-01-01,924),
	(1972,1,2021-01-01,260),
	(1973,1,2021-01-01,424),
	(1974,1,2021-01-01,58.07),
	(1975,1,2021-01-01,828),
	(1976,1,2021-01-01,1021),
	(1977,1,2021-01-01,792.13),
	(1978,1,2021-01-01,62),
	(1979,1,2021-01-01,58.21),
	(1980,1,2021-01-01,891),
	(1981,1,2021-01-01,55.85),
	(1982,1,2021-01-01,50),
	(1983,1,2021-01-01,216),
	(1984,1,2021-01-01,50),
	(1985,1,2021-01-01,943.61),
	(1986,1,2021-01-01,57.66),
	(1987,1,2021-01-01,359.09),
	(1988,1,2021-01-01,55.61),
	(1989,1,2021-01-01,678.63),
	(1990,1,2021-01-01,50),
	(1991,1,2021-01-01,53.27),
	(1992,1,2021-01-01,50),
	(1993,1,2021-01-01,74.15),
	(1994,1,2021-01-01,357),
	(1995,1,2021-01-01,58.95),
	(1996,1,2021-01-01,294.89),
	(1997,1,2021-01-01,50),
	(1998,1,2021-01-01,547.4),
	(1999,1,2021-01-01,920.06),
	(2000,1,2021-01-01,774.29),
	(2001,1,2021-01-01,50),
	(2002,1,2021-01-01,50),
	(2003,1,2021-01-01,58.73),
	(2004,1,2021-01-01,54.91),
	(2005,1,2021-01-01,50),
	(2006,1,2021-01-01,414),
	(2007,1,2021-01-01,50),
	(2008,1,2021-01-01,868),
	(2009,1,2021-01-01,482.98),
	(2010,1,2021-01-01,50),
	(2011,1,2021-01-01,186),
	(2012,1,2021-01-01,50),
	(2013,1,2021-01-01,105.62),
	(2014,1,2021-01-01,1022),
	(2015,1,2021-01-01,54.75),
	(2016,1,2021-01-01,50),
	(2017,1,2021-01-01,830.72),
	(2018,1,2021-01-01,954.97),
	(2019,1,2021-01-01,382.85),
	(2020,1,2021-01-01,836),
	(2021,1,2021-01-01,50),
	(2022,1,2021-01-01,219),
	(2023,1,2021-01-01,359.43),
	(2024,1,2021-01-01,59.85),
	(2025,1,2021-01-01,515),
	(2026,1,2021-01-01,335),
	(2027,1,2021-01-01,1020),
	(2028,1,2021-01-01,50),
	(2029,1,2021-01-01,56.14),
	(2030,1,2021-01-01,50),
	(2031,1,2021-01-01,246),
	(2032,1,2021-01-01,915.47),
	(2033,1,2021-01-01,745),
	(2034,1,2021-01-01,740.44),
	(2035,1,2021-01-01,50),
	(2036,1,2021-01-01,801.66),
	(2037,1,2021-01-01,94.45),
	(2038,1,2021-01-01,857.21),
	(2039,1,2021-01-01,50),
	(2040,1,2021-01-01,50),
	(2041,1,2021-01-01,65),
	(2042,1,2021-01-01,50),
	(2043,1,2021-01-01,281),
	(2044,1,2021-01-01,751.51),
	(2045,1,2021-01-01,717),
	(2046,1,2021-01-01,510.69),
	(2047,1,2021-01-01,1044),
	(2048,1,2021-01-01,50),
	(2049,1,2021-01-01,50),
	(2050,1,2021-01-01,925),
	(2051,1,2021-01-01,263.68),
	(2052,1,2021-01-01,53.95),
	(2053,1,2021-01-01,588.78),
	(2054,1,2021-01-01,55.65),
	(2055,1,2021-01-01,960),
	(2056,1,2021-01-01,50),
	(2057,1,2021-01-01,59.57),
	(2058,1,2021-01-01,59.09),
	(2059,1,2021-01-01,713),
	(2060,1,2021-01-01,50),
	(2061,1,2021-01-01,50),
	(2062,1,2021-01-01,50),
	(2063,1,2021-01-01,53.74),
	(2064,1,2021-01-01,50),
	(2065,1,2021-01-01,50),
	(2066,1,2021-01-01,58.93),
	(2067,1,2021-01-01,58.5),
	(2068,1,2021-01-01,50),
	(2069,1,2021-01-01,998.16),
	(2070,1,2021-01-01,57.36),
	(2071,1,2021-01-01,58.6),
	(2072,1,2021-01-01,914.15),
	(2073,1,2021-01-01,866.53),
	(2074,1,2021-01-01,51.34),
	(2075,1,2021-01-01,56.18),
	(2076,1,2021-01-01,58.71),
	(2077,1,2021-01-01,50),
	(2078,1,2021-01-01,50),
	(2079,1,2021-01-01,50),
	(2080,1,2021-01-01,284),
	(2081,1,2021-01-01,50),
	(2082,1,2021-01-01,51.37),
	(2083,1,2021-01-01,285.03),
	(2084,1,2021-01-01,56.41),
	(2085,1,2021-01-01,58.41),
	(2086,1,2021-01-01,50),
	(2087,1,2021-01-01,506),
	(2088,1,2021-01-01,54.88),
	(2089,1,2021-01-01,55.59),
	(2090,1,2021-01-01,56.94),
	(2091,1,2021-01-01,273),
	(2092,1,2021-01-01,56.83),
	(2093,1,2021-01-01,1036.29),
	(2094,1,2021-01-01,51.74),
	(2095,1,2021-01-01,50),
	(2096,1,2021-01-01,50),
	(2097,1,2021-01-01,50),
	(2098,1,2021-01-01,336),
	(2099,1,2021-01-01,56.9),
	(2100,1,2021-01-01,953.53),
	(2101,1,2021-01-01,55.24),
	(2102,1,2021-01-01,853.89),
	(2103,1,2021-01-01,193.28),
	(2104,1,2021-01-01,50),
	(2105,1,2021-01-01,50),
	(2106,1,2021-01-01,357),
	(2107,1,2021-01-01,362.25),
	(2108,1,2021-01-01,384),
	(2109,1,2021-01-01,50),
	(2110,1,2021-01-01,59.01),
	(2111,1,2021-01-01,50),
	(2112,1,2021-01-01,102),
	(2113,1,2021-01-01,50),
	(2114,1,2021-01-01,873.67),
	(2115,1,2021-01-01,59.1),
	(2116,1,2021-01-01,50),
	(2117,1,2021-01-01,194.1),
	(2118,1,2021-01-01,50),
	(2119,1,2021-01-01,1033),
	(2120,1,2021-01-01,50),
	(2121,1,2021-01-01,526.89),
	(2122,1,2021-01-01,968),
	(2123,1,2021-01-01,110),
	(2124,1,2021-01-01,1010),
	(2125,1,2021-01-01,52.18),
	(2126,1,2021-01-01,50),
	(2127,1,2021-01-01,50),
	(2128,1,2021-01-01,54.77),
	(2129,1,2021-01-01,55.42),
	(2130,1,2021-01-01,209.68),
	(2131,1,2021-01-01,1027.12),
	(2132,1,2021-01-01,57.74),
	(2133,1,2021-01-01,400),
	(2134,1,2021-01-01,680.24),
	(2135,1,2021-01-01,50),
	(2136,1,2021-01-01,55.23),
	(2137,1,2021-01-01,313.9),
	(2138,1,2021-01-01,50),
	(2139,1,2021-01-01,51.17),
	(2140,1,2021-01-01,55.45),
	(2141,1,2021-01-01,855.33),
	(2142,1,2021-01-01,931.88),
	(2143,1,2021-01-01,50),
	(2144,1,2021-01-01,58.92),
	(2145,1,2021-01-01,196.07),
	(2146,1,2021-01-01,56.34),
	(2147,1,2021-01-01,508),
	(2148,1,2021-01-01,124),
	(2149,1,2021-01-01,56.92),
	(2150,1,2021-01-01,50),
	(2151,1,2021-01-01,871),
	(2152,1,2021-01-01,50),
	(2153,1,2021-01-01,65.82),
	(2154,1,2021-01-01,490.9),
	(2155,1,2021-01-01,51.68),
	(2156,1,2021-01-01,440.67),
	(2157,1,2021-01-01,53.08),
	(2158,1,2021-01-01,102),
	(2159,1,2021-01-01,55.26),
	(2160,1,2021-01-01,76.39),
	(2161,1,2021-01-01,158),
	(2162,1,2021-01-01,715),
	(2163,1,2021-01-01,839.29),
	(2164,1,2021-01-01,122),
	(2165,1,2021-01-01,850.43),
	(2166,1,2021-01-01,55.83),
	(2167,1,2021-01-01,403.72),
	(2168,1,2021-01-01,50),
	(2169,1,2021-01-01,1034),
	(2170,1,2021-01-01,329.27),
	(2171,1,2021-01-01,50),
	(2172,1,2021-01-01,50),
	(2173,1,2021-01-01,384),
	(2174,1,2021-01-01,54.98),
	(2175,1,2021-01-01,662.7),
	(2176,1,2021-01-01,956.43),
	(2177,1,2021-01-01,144.24),
	(2178,1,2021-01-01,52.13),
	(2179,1,2021-01-01,719),
	(2180,1,2021-01-01,716),
	(2181,1,2021-01-01,761.76),
	(2182,1,2021-01-01,56.51),
	(2183,1,2021-01-01,506),
	(2184,1,2021-01-01,56.37),
	(2185,1,2021-01-01,105),
	(2186,1,2021-01-01,56.52),
	(2187,1,2021-01-01,824),
	(2188,1,2021-01-01,50),
	(2189,1,2021-01-01,58.06),
	(2190,1,2021-01-01,50),
	(2191,1,2021-01-01,50),
	(2192,1,2021-01-01,561.58),
	(2193,1,2021-01-01,820),
	(2194,1,2021-01-01,50),
	(2195,1,2021-01-01,54.19),
	(2196,1,2021-01-01,725.83),
	(2197,1,2021-01-01,543.88),
	(2198,1,2021-01-01,50),
	(2199,1,2021-01-01,50),
	(2200,1,2021-01-01,50),
	(2201,1,2021-01-01,53.17),
	(2202,1,2021-01-01,316),
	(2203,1,2021-01-01,780),
	(2204,1,2021-01-01,50),
	(2205,1,2021-01-01,434),
	(2206,1,2021-01-01,50),
	(2207,1,2021-01-01,57.5),
	(2208,1,2021-01-01,200),
	(2209,1,2021-01-01,526),
	(2210,1,2021-01-01,50),
	(2211,1,2021-01-01,52.73),
	(2212,1,2021-01-01,564),
	(2213,1,2021-01-01,869),
	(2214,1,2021-01-01,1037),
	(2215,1,2021-01-01,1031),
	(2216,1,2021-01-01,50),
	(2217,1,2021-01-01,351),
	(2218,1,2021-01-01,550),
	(2219,1,2021-01-01,1035.72),
	(2220,1,2021-01-01,50),
	(2221,1,2021-01-01,56.55),
	(2222,1,2021-01-01,55.73),
	(2223,1,2021-01-01,686),
	(2224,1,2021-01-01,283.56),
	(2225,1,2021-01-01,224.6),
	(2226,1,2021-01-01,51.86),
	(2227,1,2021-01-01,51.4),
	(2228,1,2021-01-01,116.86),
	(2229,1,2021-01-01,483),
	(2230,1,2021-01-01,928),
	(2231,1,2021-01-01,50),
	(2232,1,2021-01-01,301),
	(2233,1,2021-01-01,783.54),
	(2234,1,2021-01-01,196),
	(2235,1,2021-01-01,953),
	(2236,1,2021-01-01,51.49),
	(2237,1,2021-01-01,50),
	(2238,1,2021-01-01,51.57),
	(2239,1,2021-01-01,478.27),
	(2240,1,2021-01-01,59.49);