-- INVOICE STATUS AND INVOICE ID SHOULD BE DELETED HERE (SHOULD BE AUTOMATICLY CALCULATED)
INSERT INTO InvoiceHeader(invoice_id, shop_id, supplier_id, invoiceStatus_id, date)
VALUES
	(1,1,1,2,'2021-01-01'),
	(2,1,2,2,'2021-01-01'),
	(3,1,3,2,'2021-01-01'),
	(4,1,4,2,'2021-01-01'),
	(5,1,5,2,'2021-01-01'),
	(6,1,6,2,'2021-01-01'),
	(7,1,7,2,'2021-01-01'),
	(8,1,1,2,'2021-01-01'),
	(9,1,4,2,'2021-01-01'),
	(10,1,5,2,'2021-01-01'),
	(11,1,6,2,'2021-01-01'),
	(12,1,7,2,'2021-01-01'),
	(13,1,6,2,'2021-01-01'),
	(14,1,7,2,'2021-01-01'),
	(15,1,1,2,'2021-01-01'),
	(16,1,4,2,'2021-01-01'),
	(17,1,2,2,'2021-01-01'),
	(18,1,3,1,'2021-01-02'),
	(19,1,4,1,'2021-01-02'),
	(20,1,7,1,'2021-01-02');



-- BARCODE AND PRODUCT_STATUS SHOULD BE DELETED HERE (SHOULD BE AUTOMATICLY CALCULATED)
INSERT INTO Product(barcode, shop_id, product_id, invoice_id, qty, productStatus_id)
VALUES
	(1,1,1045,1,45,2),
	(2,1,1121,1,121,2),
	(3,1,115,1,115,2),
	(4,1,2074,1,74,2),
	(5,1,11,1,11,2),
	(6,1,4020,1,20,2),
	(7,1,3091,1,91,2),
	(8,1,4086,1,86,2),
	(9,1,1025,1,25,2),
	(10,1,28,1,28,2),
	(11,1,36,1,36,2),
	(12,1,104,1,104,2),
	(13,1,4104,1,104,2),
	(14,1,66,1,66,2),
	(15,1,2032,1,32,2),
	(16,1,1114,1,114,2),
	(17,1,4109,1,109,2),
	(18,1,1093,1,93,2),
	(19,1,84,1,84,2),
	(20,1,1059,1,59,2),
	(21,1,2057,1,57,2),
	(22,1,3037,1,37,2),
	(23,1,4072,1,72,2),
	(24,1,1008,1,8,2),
	(25,1,4067,1,67,2),
	(26,1,3004,1,4,2),
	(27,1,3005,1,5,2),
	(28,1,113,1,113,2),
	(29,1,4024,1,24,2),
	(30,1,2122,1,122,2),
	(31,1,2067,1,67,2),
	(32,1,3072,1,72,2),
	(33,1,3033,1,33,2),
	(34,1,2097,1,97,2),
	(35,1,3015,1,15,2),
	(36,1,2125,1,125,2),
	(37,1,4057,1,57,2),
	(38,1,34,1,34,2),
	(39,1,3053,1,53,2),
	(40,1,21,1,21,2),
	(41,1,22,1,22,2),
	(42,1,3101,1,101,2),
	(43,1,4098,1,98,2),
	(44,1,4111,1,111,2),
	(45,1,4102,1,102,2),
	(46,1,4127,1,127,2),
	(47,1,4127,1,127,2),
	(48,1,2125,1,125,2),
	(49,1,4119,1,119,2),
	(50,1,1022,1,22,2),
	(51,1,2089,1,89,2),
	(52,1,3084,1,84,2),
	(53,1,2071,1,71,2),
	(54,1,1020,1,20,2),
	(55,1,117,1,117,2),
	(56,1,4097,1,97,2),
	(57,1,27,1,27,2),
	(58,1,3091,1,91,2),
	(59,1,2035,1,35,2),
	(60,1,12,1,12,2),
	(61,1,96,1,96,2),
	(62,1,2049,1,49,2),
	(63,1,4058,1,58,2),
	(64,1,3068,1,68,2),
	(65,1,1108,1,108,2),
	(66,1,2126,1,126,2),
	(67,1,115,1,115,2),
	(68,1,2076,1,76,2),
	(69,1,4068,1,68,2),
	(70,1,2098,1,98,2),
	(71,1,1095,1,95,2),
	(72,1,3127,1,127,2),
	(73,1,2031,1,31,2),
	(74,1,115,1,115,2),
	(75,1,3021,1,21,2),
	(76,1,4039,1,39,2),
	(77,1,46,1,46,2),
	(78,1,4077,1,77,2),
	(79,1,91,1,91,2),
	(80,1,1052,1,52,2),
	(81,1,2015,1,15,2),
	(82,1,29,1,29,2),
	(83,1,4035,1,35,2),
	(84,1,2064,1,64,2),
	(85,1,97,1,97,2),
	(86,1,3027,1,27,2),
	(87,1,4058,1,58,2),
	(88,1,1021,1,21,2),
	(89,1,4080,1,80,2),
	(90,1,2052,1,52,2),
	(91,1,4013,1,13,2),
	(92,1,122,1,122,2),
	(93,1,4093,1,93,2),
	(94,1,4018,1,18,2),
	(95,1,4048,1,48,2),
	(96,1,4061,1,61,2),
	(97,1,4106,1,106,2),
	(98,1,3055,1,55,2),
	(99,1,2060,1,60,2),
	(100,1,3118,1,118,2),
	(101,1,2120,1,120,2),
	(102,1,2026,1,26,2),
	(103,1,3048,1,48,2),
	(104,1,1010,1,10,2),
	(105,1,66,1,66,2),
	(106,1,3023,1,23,2),
	(107,1,4099,1,99,2),
	(108,1,73,1,73,2),
	(109,1,37,1,37,2),
	(110,1,116,1,116,2),
	(111,1,3018,1,18,2),
	(112,1,3041,1,41,2),
	(113,1,2082,2,82,2),
	(114,1,3011,2,11,2),
	(115,1,104,2,104,2),
	(116,1,4058,2,58,2),
	(117,1,4122,2,122,2),
	(118,1,2057,2,57,2),
	(119,1,28,2,28,2),
	(120,1,80,2,80,2),
	(121,1,3106,2,106,2),
	(122,1,1066,2,66,2),
	(123,1,2055,2,55,2),
	(124,1,3105,2,105,2),
	(125,1,4118,2,118,2),
	(126,1,2113,2,113,2),
	(127,1,2018,2,18,2),
	(128,1,3102,2,102,2),
	(129,1,115,2,115,2),
	(130,1,113,2,113,2),
	(131,1,1036,2,36,2),
	(132,1,2063,2,63,2),
	(133,1,79,2,79,2),
	(134,1,3100,2,100,2),
	(135,1,3025,2,25,2),
	(136,1,4056,2,56,2),
	(137,1,2041,2,41,2),
	(138,1,4065,2,65,2),
	(139,1,1003,2,3,2),
	(140,1,3050,2,50,2),
	(141,1,4019,2,19,2),
	(142,1,4085,2,85,2),
	(143,1,1004,2,4,2),
	(144,1,43,2,43,2),
	(145,1,105,2,105,2),
	(146,1,1083,2,83,2),
	(147,1,2075,2,75,2),
	(148,1,84,2,84,2),
	(149,1,124,2,124,2),
	(150,1,1050,2,50,2),
	(151,1,1127,2,127,2),
	(152,1,3097,2,97,2),
	(153,1,3053,2,53,2),
	(154,1,1104,2,104,2),
	(155,1,3100,2,100,2),
	(156,1,7,2,7,2),
	(157,1,4014,2,14,2),
	(158,1,4119,2,119,2),
	(159,1,84,2,84,2),
	(160,1,2023,2,23,2),
	(161,1,2022,2,22,2),
	(162,1,33,2,33,2),
	(163,1,4081,2,81,2),
	(164,1,100,2,100,2),
	(165,1,1122,2,122,2),
	(166,1,4051,2,51,2),
	(167,1,41,2,41,2),
	(168,1,3021,2,21,2),
	(169,1,85,2,85,2),
	(170,1,4045,2,45,2),
	(171,1,11,2,11,2),
	(172,1,1038,2,38,2),
	(173,1,41,2,41,2),
	(174,1,10,2,10,2),
	(175,1,3032,2,32,2),
	(176,1,2045,2,45,2),
	(177,1,42,2,42,2),
	(178,1,3043,2,43,2),
	(179,1,2111,2,111,2),
	(180,1,3103,2,103,2),
	(181,1,3025,2,25,2),
	(182,1,1055,2,55,2),
	(183,1,3073,2,73,2),
	(184,1,3102,2,102,2),
	(185,1,3013,2,13,2),
	(186,1,1017,2,17,2),
	(187,1,3090,2,90,2),
	(188,1,57,2,57,2),
	(189,1,1061,2,61,2),
	(190,1,39,2,39,2),
	(191,1,2062,2,62,2),
	(192,1,107,2,107,2),
	(193,1,2081,2,81,2),
	(194,1,3001,2,1,2),
	(195,1,32,2,32,2),
	(196,1,1003,2,3,2),
	(197,1,1073,2,73,2),
	(198,1,4116,2,116,2),
	(199,1,105,2,105,2),
	(200,1,1027,2,27,2),
	(201,1,4068,2,68,2),
	(202,1,3127,2,127,2),
	(203,1,121,2,121,2),
	(204,1,4004,2,4,2),
	(205,1,1045,2,45,2),
	(206,1,96,2,96,2),
	(207,1,1012,2,12,2),
	(208,1,3061,2,61,2),
	(209,1,2082,2,82,2),
	(210,1,3061,2,61,2),
	(211,1,101,2,101,2),
	(212,1,2097,2,97,2),
	(213,1,3008,2,8,2),
	(214,1,4085,2,85,2),
	(215,1,1062,2,62,2),
	(216,1,1015,2,15,2),
	(217,1,2034,2,34,2),
	(218,1,77,2,77,2),
	(219,1,1033,2,33,2),
	(220,1,78,2,78,2),
	(221,1,3007,2,7,2),
	(222,1,118,2,118,2),
	(223,1,1109,2,109,2),
	(224,1,3012,2,12,2),
	(225,1,98,3,98,2),
	(226,1,2,3,2,2),
	(227,1,1109,3,109,2),
	(228,1,3045,3,45,2),
	(229,1,1119,3,119,2),
	(230,1,1124,3,124,2),
	(231,1,2096,3,96,2),
	(232,1,1094,3,94,2),
	(233,1,3024,3,24,2),
	(234,1,2001,3,1,2),
	(235,1,2035,3,35,2),
	(236,1,123,3,123,2),
	(237,1,2078,3,78,2),
	(238,1,3004,3,4,2),
	(239,1,92,3,92,2),
	(240,1,16,3,16,2),
	(241,1,1122,3,122,2),
	(242,1,12,3,12,2),
	(243,1,3117,3,117,2),
	(244,1,2091,3,91,2),
	(245,1,1090,3,90,2),
	(246,1,3112,3,112,2),
	(247,1,2030,3,30,2),
	(248,1,3037,3,37,2),
	(249,1,3055,3,55,2),
	(250,1,3039,3,39,2),
	(251,1,89,3,89,2),
	(252,1,1090,3,90,2),
	(253,1,3001,3,1,2),
	(254,1,2088,3,88,2),
	(255,1,3077,3,77,2),
	(256,1,1003,3,3,2),
	(257,1,2092,3,92,2),
	(258,1,4098,3,98,2),
	(259,1,35,3,35,2),
	(260,1,2071,3,71,2),
	(261,1,4013,3,13,2),
	(262,1,10,3,10,2),
	(263,1,3016,3,16,2),
	(264,1,2095,3,95,2),
	(265,1,3004,3,4,2),
	(266,1,1108,3,108,2),
	(267,1,3019,3,19,2),
	(268,1,1106,3,106,2),
	(269,1,1096,3,96,2),
	(270,1,3094,3,94,2),
	(271,1,1046,3,46,2),
	(272,1,3034,3,34,2),
	(273,1,104,3,104,2),
	(274,1,4001,3,1,2),
	(275,1,57,3,57,2),
	(276,1,3007,3,7,2),
	(277,1,4036,3,36,2),
	(278,1,1092,3,92,2),
	(279,1,2012,3,12,2),
	(280,1,2062,3,62,2),
	(281,1,4115,3,115,2),
	(282,1,2064,3,64,2),
	(283,1,3066,3,66,2),
	(284,1,111,3,111,2),
	(285,1,2100,3,100,2),
	(286,1,3046,3,46,2),
	(287,1,25,3,25,2),
	(288,1,3114,3,114,2),
	(289,1,2025,3,25,2),
	(290,1,4066,3,66,2),
	(291,1,1053,3,53,2),
	(292,1,3102,3,102,2),
	(293,1,2022,3,22,2),
	(294,1,1031,3,31,2),
	(295,1,1094,3,94,2),
	(296,1,3105,3,105,2),
	(297,1,2069,3,69,2),
	(298,1,1029,3,29,2),
	(299,1,4014,3,14,2),
	(300,1,3041,3,41,2),
	(301,1,3011,3,11,2),
	(302,1,4096,3,96,2),
	(303,1,77,3,77,2),
	(304,1,2122,3,122,2),
	(305,1,2115,3,115,2),
	(306,1,43,3,43,2),
	(307,1,93,3,93,2),
	(308,1,2074,3,74,2),
	(309,1,3043,3,43,2),
	(310,1,4007,3,7,2),
	(311,1,62,3,62,2),
	(312,1,1107,3,107,2),
	(313,1,2018,3,18,2),
	(314,1,37,3,37,2),
	(315,1,2075,3,75,2),
	(316,1,70,3,70,2),
	(317,1,2008,3,8,2),
	(318,1,1093,3,93,2),
	(319,1,2086,3,86,2),
	(320,1,1056,3,56,2),
	(321,1,1062,3,62,2),
	(322,1,1016,3,16,2),
	(323,1,1035,3,35,2),
	(324,1,1001,3,1,2),
	(325,1,4052,3,52,2),
	(326,1,4119,3,119,2),
	(327,1,2081,3,81,2),
	(328,1,24,3,24,2),
	(329,1,1012,3,12,2),
	(330,1,3101,3,101,2),
	(331,1,2127,3,127,2),
	(332,1,1,3,1,2),
	(333,1,2029,3,29,2),
	(334,1,54,3,54,2),
	(335,1,1114,3,114,2),
	(336,1,4126,3,126,2),
	(337,1,1065,4,65,2),
	(338,1,3127,4,127,2),
	(339,1,63,4,63,2),
	(340,1,2024,4,24,2),
	(341,1,4126,4,126,2),
	(342,1,1112,4,112,2),
	(343,1,1085,4,85,2),
	(344,1,1120,4,120,2),
	(345,1,1114,4,114,2),
	(346,1,2,4,2,2),
	(347,1,3110,4,110,2),
	(348,1,1005,4,5,2),
	(349,1,1116,4,116,2),
	(350,1,1009,4,9,2),
	(351,1,1121,4,121,2),
	(352,1,2101,4,101,2),
	(353,1,3043,4,43,2),
	(354,1,1091,4,91,2),
	(355,1,1120,4,120,2),
	(356,1,1001,4,1,2),
	(357,1,4109,4,109,2),
	(358,1,4062,4,62,2),
	(359,1,4124,4,124,2),
	(360,1,1066,4,66,2),
	(361,1,3075,4,75,2),
	(362,1,1088,4,88,2),
	(363,1,3048,4,48,2),
	(364,1,4071,4,71,2),
	(365,1,4008,4,8,2),
	(366,1,2026,4,26,2),
	(367,1,1112,4,112,2),
	(368,1,1088,4,88,2),
	(369,1,2038,4,38,2),
	(370,1,3107,4,107,2),
	(371,1,57,4,57,2),
	(372,1,126,4,126,2),
	(373,1,1,4,1,2),
	(374,1,4098,4,98,2),
	(375,1,3081,4,81,2),
	(376,1,2084,4,84,2),
	(377,1,3035,4,35,2),
	(378,1,80,4,80,2),
	(379,1,2083,4,83,2),
	(380,1,41,4,41,2),
	(381,1,1123,4,123,2),
	(382,1,21,4,21,2),
	(383,1,4046,4,46,2),
	(384,1,1017,4,17,2),
	(385,1,3011,4,11,2),
	(386,1,2007,4,7,2),
	(387,1,1035,4,35,2),
	(388,1,1074,4,74,2),
	(389,1,1093,4,93,2),
	(390,1,1050,4,50,2),
	(391,1,1088,4,88,2),
	(392,1,113,4,113,2),
	(393,1,3088,4,88,2),
	(394,1,9,4,9,2),
	(395,1,3100,4,100,2),
	(396,1,4049,4,49,2),
	(397,1,17,4,17,2),
	(398,1,114,4,114,2),
	(399,1,2080,4,80,2),
	(400,1,2118,4,118,2),
	(401,1,100,4,100,2),
	(402,1,1001,4,1,2),
	(403,1,63,4,63,2),
	(404,1,70,4,70,2),
	(405,1,3063,4,63,2),
	(406,1,3040,4,40,2),
	(407,1,3122,4,122,2),
	(408,1,4038,4,38,2),
	(409,1,2024,4,24,2),
	(410,1,114,4,114,2),
	(411,1,102,4,102,2),
	(412,1,3109,4,109,2),
	(413,1,3092,4,92,2),
	(414,1,1087,4,87,2),
	(415,1,1064,4,64,2),
	(416,1,2002,4,2,2),
	(417,1,41,4,41,2),
	(418,1,76,4,76,2),
	(419,1,80,4,80,2),
	(420,1,4046,4,46,2),
	(421,1,2119,4,119,2),
	(422,1,2024,4,24,2),
	(423,1,1124,4,124,2),
	(424,1,1097,4,97,2),
	(425,1,3091,4,91,2),
	(426,1,2067,4,67,2),
	(427,1,98,4,98,2),
	(428,1,3052,4,52,2),
	(429,1,3121,4,121,2),
	(430,1,3008,4,8,2),
	(431,1,3127,4,127,2),
	(432,1,3081,4,81,2),
	(433,1,4024,4,24,2),
	(434,1,4020,4,20,2),
	(435,1,110,4,110,2),
	(436,1,3124,4,124,2),
	(437,1,86,4,86,2),
	(438,1,3108,4,108,2),
	(439,1,1014,4,14,2),
	(440,1,4032,4,32,2),
	(441,1,97,4,97,2),
	(442,1,4021,4,21,2),
	(443,1,78,4,78,2),
	(444,1,35,4,35,2),
	(445,1,1003,4,3,2),
	(446,1,3080,4,80,2),
	(447,1,1084,4,84,2),
	(448,1,1028,4,28,2),
	(449,1,3107,5,107,2),
	(450,1,2085,5,85,2),
	(451,1,3046,5,46,2),
	(452,1,2088,5,88,2),
	(453,1,4050,5,50,2),
	(454,1,38,5,38,2),
	(455,1,1120,5,120,2),
	(456,1,1105,5,105,2),
	(457,1,10,5,10,2),
	(458,1,37,5,37,2),
	(459,1,75,5,75,2),
	(460,1,10,5,10,2),
	(461,1,3017,5,17,2),
	(462,1,3052,5,52,2),
	(463,1,4042,5,42,2),
	(464,1,4102,5,102,2),
	(465,1,1124,5,124,2),
	(466,1,3093,5,93,2),
	(467,1,2107,5,107,2),
	(468,1,4020,5,20,2),
	(469,1,2013,5,13,2),
	(470,1,1092,5,92,2),
	(471,1,96,5,96,2),
	(472,1,123,5,123,2),
	(473,1,2034,5,34,2),
	(474,1,1028,5,28,2),
	(475,1,1019,5,19,2),
	(476,1,3124,5,124,2),
	(477,1,3022,5,22,2),
	(478,1,2050,5,50,2),
	(479,1,2078,5,78,2),
	(480,1,34,5,34,2),
	(481,1,21,5,21,2),
	(482,1,2010,5,10,2),
	(483,1,2059,5,59,2),
	(484,1,3051,5,51,2),
	(485,1,1063,5,63,2),
	(486,1,2069,5,69,2),
	(487,1,3030,5,30,2),
	(488,1,105,5,105,2),
	(489,1,3122,5,122,2),
	(490,1,1099,5,99,2),
	(491,1,4080,5,80,2),
	(492,1,102,5,102,2),
	(493,1,3023,5,23,2),
	(494,1,2070,5,70,2),
	(495,1,1037,5,37,2),
	(496,1,72,5,72,2),
	(497,1,1064,5,64,2),
	(498,1,51,5,51,2),
	(499,1,1044,5,44,2),
	(500,1,1,5,1,2),
	(501,1,3041,5,41,2),
	(502,1,69,5,69,2),
	(503,1,2014,5,14,2),
	(504,1,68,5,68,2),
	(505,1,87,5,87,2),
	(506,1,4024,5,24,2),
	(507,1,2066,5,66,2),
	(508,1,3092,5,92,2),
	(509,1,4070,5,70,2),
	(510,1,3097,5,97,2),
	(511,1,2119,5,119,2),
	(512,1,26,5,26,2),
	(513,1,3064,5,64,2),
	(514,1,4058,5,58,2),
	(515,1,2059,5,59,2),
	(516,1,4025,5,25,2),
	(517,1,2002,5,2,2),
	(518,1,4072,5,72,2),
	(519,1,2027,5,27,2),
	(520,1,1062,5,62,2),
	(521,1,2079,5,79,2),
	(522,1,3,5,3,2),
	(523,1,123,5,123,2),
	(524,1,4123,5,123,2),
	(525,1,2109,5,109,2),
	(526,1,1007,5,7,2),
	(527,1,1042,5,42,2),
	(528,1,1050,5,50,2),
	(529,1,1036,5,36,2),
	(530,1,2075,5,75,2),
	(531,1,115,5,115,2),
	(532,1,3088,5,88,2),
	(533,1,2062,5,62,2),
	(534,1,2036,5,36,2),
	(535,1,3085,5,85,2),
	(536,1,1083,5,83,2),
	(537,1,1039,5,39,2),
	(538,1,10,5,10,2),
	(539,1,2101,5,101,2),
	(540,1,1049,5,49,2),
	(541,1,3119,5,119,2),
	(542,1,3094,5,94,2),
	(543,1,3127,5,127,2),
	(544,1,99,5,99,2),
	(545,1,4021,5,21,2),
	(546,1,3082,5,82,2),
	(547,1,2040,5,40,2),
	(548,1,2075,5,75,2),
	(549,1,4088,5,88,2),
	(550,1,2018,5,18,2),
	(551,1,2038,5,38,2),
	(552,1,2069,5,69,2),
	(553,1,1091,5,91,2),
	(554,1,4030,5,30,2),
	(555,1,1093,5,93,2),
	(556,1,1084,5,84,2),
	(557,1,2070,5,70,2),
	(558,1,3075,5,75,2),
	(559,1,2046,5,46,2),
	(560,1,2073,5,73,2),
	(561,1,1037,6,37,2),
	(562,1,1114,6,114,2),
	(563,1,2,6,2,2),
	(564,1,1019,6,19,2),
	(565,1,2090,6,90,2),
	(566,1,4017,6,17,2),
	(567,1,1088,6,88,2),
	(568,1,107,6,107,2),
	(569,1,3099,6,99,2),
	(570,1,3043,6,43,2),
	(571,1,32,6,32,2),
	(572,1,7,6,7,2),
	(573,1,2008,6,8,2),
	(574,1,2010,6,10,2),
	(575,1,3050,6,50,2),
	(576,1,3040,6,40,2),
	(577,1,2019,6,19,2),
	(578,1,3018,6,18,2),
	(579,1,3125,6,125,2),
	(580,1,2114,6,114,2),
	(581,1,4013,6,13,2),
	(582,1,2016,6,16,2),
	(583,1,4076,6,76,2),
	(584,1,3023,6,23,2),
	(585,1,3090,6,90,2),
	(586,1,4043,6,43,2),
	(587,1,4071,6,71,2),
	(588,1,1025,6,25,2),
	(589,1,4051,6,51,2),
	(590,1,2020,6,20,2),
	(591,1,68,6,68,2),
	(592,1,3117,6,117,2),
	(593,1,58,6,58,2),
	(594,1,2032,6,32,2),
	(595,1,1047,6,47,2),
	(596,1,2113,6,113,2),
	(597,1,2018,6,18,2),
	(598,1,58,6,58,2),
	(599,1,4107,6,107,2),
	(600,1,4073,6,73,2),
	(601,1,3111,6,111,2),
	(602,1,1113,6,113,2),
	(603,1,22,6,22,2),
	(604,1,88,6,88,2),
	(605,1,55,6,55,2),
	(606,1,2096,6,96,2),
	(607,1,96,6,96,2),
	(608,1,3027,6,27,2),
	(609,1,2054,6,54,2),
	(610,1,1084,6,84,2),
	(611,1,1055,6,55,2),
	(612,1,4015,6,15,2),
	(613,1,3066,6,66,2),
	(614,1,21,6,21,2),
	(615,1,116,6,116,2),
	(616,1,2005,6,5,2),
	(617,1,45,6,45,2),
	(618,1,1112,6,112,2),
	(619,1,87,6,87,2),
	(620,1,1127,6,127,2),
	(621,1,30,6,30,2),
	(622,1,3105,6,105,2),
	(623,1,3118,6,118,2),
	(624,1,1115,6,115,2),
	(625,1,4104,6,104,2),
	(626,1,1046,6,46,2),
	(627,1,32,6,32,2),
	(628,1,2117,6,117,2),
	(629,1,1020,6,20,2),
	(630,1,4065,6,65,2),
	(631,1,3027,6,27,2),
	(632,1,1127,6,127,2),
	(633,1,4040,6,40,2),
	(634,1,3012,6,12,2),
	(635,1,2026,6,26,2),
	(636,1,124,6,124,2),
	(637,1,4028,6,28,2),
	(638,1,30,6,30,2),
	(639,1,2074,6,74,2),
	(640,1,1087,6,87,2),
	(641,1,2076,6,76,2),
	(642,1,4035,6,35,2),
	(643,1,2089,6,89,2),
	(644,1,1068,6,68,2),
	(645,1,10,6,10,2),
	(646,1,115,6,115,2),
	(647,1,3083,6,83,2),
	(648,1,2014,6,14,2),
	(649,1,3016,6,16,2),
	(650,1,3007,6,7,2),
	(651,1,43,6,43,2),
	(652,1,2126,6,126,2),
	(653,1,3004,6,4,2),
	(654,1,2100,6,100,2),
	(655,1,4063,6,63,2),
	(656,1,109,6,109,2),
	(657,1,4094,6,94,2),
	(658,1,1074,6,74,2),
	(659,1,1033,6,33,2),
	(660,1,30,6,30,2),
	(661,1,2077,6,77,2),
	(662,1,4019,6,19,2),
	(663,1,21,6,21,2),
	(664,1,4062,6,62,2),
	(665,1,2013,6,13,2),
	(666,1,1011,6,11,2),
	(667,1,4094,6,94,2),
	(668,1,3070,6,70,2),
	(669,1,14,6,14,2),
	(670,1,4063,6,63,2),
	(671,1,4071,6,71,2),
	(672,1,3109,6,109,2),
	(673,1,1057,7,57,2),
	(674,1,1036,7,36,2),
	(675,1,2034,7,34,2),
	(676,1,4101,7,101,2),
	(677,1,4121,7,121,2),
	(678,1,3041,7,41,2),
	(679,1,2093,7,93,2),
	(680,1,1005,7,5,2),
	(681,1,3069,7,69,2),
	(682,1,13,7,13,2),
	(683,1,3064,7,64,2),
	(684,1,6,7,6,2),
	(685,1,1069,7,69,2),
	(686,1,4089,7,89,2),
	(687,1,3028,7,28,2),
	(688,1,2073,7,73,2),
	(689,1,3075,7,75,2),
	(690,1,1073,7,73,2),
	(691,1,2108,7,108,2),
	(692,1,3007,7,7,2),
	(693,1,1006,7,6,2),
	(694,1,1078,7,78,2),
	(695,1,3047,7,47,2),
	(696,1,62,7,62,2),
	(697,1,1019,7,19,2),
	(698,1,1030,7,30,2),
	(699,1,3050,7,50,2),
	(700,1,114,7,114,2),
	(701,1,29,7,29,2),
	(702,1,37,7,37,2),
	(703,1,2117,7,117,2),
	(704,1,4108,7,108,2),
	(705,1,35,7,35,2),
	(706,1,2075,7,75,2),
	(707,1,4101,7,101,2),
	(708,1,3095,7,95,2),
	(709,1,1024,7,24,2),
	(710,1,3127,7,127,2),
	(711,1,4080,7,80,2),
	(712,1,4052,7,52,2),
	(713,1,1018,7,18,2),
	(714,1,67,7,67,2),
	(715,1,1004,7,4,2),
	(716,1,2112,7,112,2),
	(717,1,31,7,31,2),
	(718,1,3023,7,23,2),
	(719,1,125,7,125,2),
	(720,1,35,7,35,2),
	(721,1,2102,7,102,2),
	(722,1,4067,7,67,2),
	(723,1,3063,7,63,2),
	(724,1,125,7,125,2),
	(725,1,75,7,75,2),
	(726,1,1102,7,102,2),
	(727,1,1080,7,80,2),
	(728,1,88,7,88,2),
	(729,1,4063,7,63,2),
	(730,1,3063,7,63,2),
	(731,1,82,7,82,2),
	(732,1,3003,7,3,2),
	(733,1,3049,7,49,2),
	(734,1,76,7,76,2),
	(735,1,1034,7,34,2),
	(736,1,1127,7,127,2),
	(737,1,4105,7,105,2),
	(738,1,46,7,46,2),
	(739,1,70,7,70,2),
	(740,1,1022,7,22,2),
	(741,1,4019,7,19,2),
	(742,1,1079,7,79,2),
	(743,1,4044,7,44,2),
	(744,1,13,7,13,2),
	(745,1,4036,7,36,2),
	(746,1,3109,7,109,2),
	(747,1,4097,7,97,2),
	(748,1,115,7,115,2),
	(749,1,1116,7,116,2),
	(750,1,1006,7,6,2),
	(751,1,4019,7,19,2),
	(752,1,3057,7,57,2),
	(753,1,3029,7,29,2),
	(754,1,3018,7,18,2),
	(755,1,4056,7,56,2),
	(756,1,2109,7,109,2),
	(757,1,3074,7,74,2),
	(758,1,3083,7,83,2),
	(759,1,3002,7,2,2),
	(760,1,3108,7,108,2),
	(761,1,2042,7,42,2),
	(762,1,1042,7,42,2),
	(763,1,2053,7,53,2),
	(764,1,1014,7,14,2),
	(765,1,1045,7,45,2),
	(766,1,3080,7,80,2),
	(767,1,1034,7,34,2),
	(768,1,86,7,86,2),
	(769,1,3010,7,10,2),
	(770,1,2007,7,7,2),
	(771,1,54,7,54,2),
	(772,1,2124,7,124,2),
	(773,1,3090,7,90,2),
	(774,1,1123,7,123,2),
	(775,1,3122,7,122,2),
	(776,1,1099,7,99,2),
	(777,1,37,7,37,2),
	(778,1,1030,7,30,2),
	(779,1,1074,7,74,2),
	(780,1,3091,7,91,2),
	(781,1,4006,7,6,2),
	(782,1,1105,7,105,2),
	(783,1,3103,7,103,2),
	(784,1,3091,7,91,2),
	(785,1,45,8,45,2),
	(786,1,1002,8,2,2),
	(787,1,42,8,42,2),
	(788,1,2118,8,118,2),
	(789,1,1117,8,117,2),
	(790,1,1083,8,83,2),
	(791,1,3059,8,59,2),
	(792,1,13,8,13,2),
	(793,1,1045,8,45,2),
	(794,1,97,8,97,2),
	(795,1,72,8,72,2),
	(796,1,1036,8,36,2),
	(797,1,1094,8,94,2),
	(798,1,3086,8,86,2),
	(799,1,49,8,49,2),
	(800,1,4002,8,2,2),
	(801,1,4024,8,24,2),
	(802,1,121,8,121,2),
	(803,1,3012,8,12,2),
	(804,1,3054,8,54,2),
	(805,1,13,8,13,2),
	(806,1,1115,8,115,2),
	(807,1,2013,8,13,2),
	(808,1,4055,8,55,2),
	(809,1,2066,8,66,2),
	(810,1,2056,8,56,2),
	(811,1,2080,8,80,2),
	(812,1,4121,8,121,2),
	(813,1,64,8,64,2),
	(814,1,4091,8,91,2),
	(815,1,2097,8,97,2),
	(816,1,47,8,47,2),
	(817,1,3103,8,103,2),
	(818,1,1098,8,98,2),
	(819,1,127,8,127,2),
	(820,1,4115,8,115,2),
	(821,1,4043,8,43,2),
	(822,1,1004,8,4,2),
	(823,1,3102,8,102,2),
	(824,1,4060,8,60,2),
	(825,1,2079,8,79,2),
	(826,1,4104,8,104,2),
	(827,1,2108,8,108,2),
	(828,1,125,8,125,2),
	(829,1,3017,8,17,2),
	(830,1,2045,8,45,2),
	(831,1,2094,8,94,2),
	(832,1,3084,8,84,2),
	(833,1,2071,8,71,2),
	(834,1,2027,8,27,2),
	(835,1,3003,8,3,2),
	(836,1,79,8,79,2),
	(837,1,1029,8,29,2),
	(838,1,116,8,116,2),
	(839,1,2008,8,8,2),
	(840,1,1118,8,118,2),
	(841,1,3039,8,39,2),
	(842,1,71,8,71,2),
	(843,1,3001,8,1,2),
	(844,1,2029,8,29,2),
	(845,1,4113,8,113,2),
	(846,1,64,8,64,2),
	(847,1,126,8,126,2),
	(848,1,4035,8,35,2),
	(849,1,34,8,34,2),
	(850,1,96,8,96,2),
	(851,1,1050,8,50,2),
	(852,1,1111,8,111,2),
	(853,1,1125,8,125,2),
	(854,1,4013,8,13,2),
	(855,1,54,8,54,2),
	(856,1,2097,8,97,2),
	(857,1,2080,8,80,2),
	(858,1,1102,8,102,2),
	(859,1,2027,8,27,2),
	(860,1,2063,8,63,2),
	(861,1,4009,8,9,2),
	(862,1,1073,8,73,2),
	(863,1,3017,8,17,2),
	(864,1,3108,8,108,2),
	(865,1,2013,8,13,2),
	(866,1,94,8,94,2),
	(867,1,3104,8,104,2),
	(868,1,96,8,96,2),
	(869,1,2127,8,127,2),
	(870,1,1097,8,97,2),
	(871,1,2108,8,108,2),
	(872,1,92,8,92,2),
	(873,1,4042,8,42,2),
	(874,1,4125,8,125,2),
	(875,1,22,8,22,2),
	(876,1,82,8,82,2),
	(877,1,3013,8,13,2),
	(878,1,23,8,23,2),
	(879,1,4085,8,85,2),
	(880,1,3117,8,117,2),
	(881,1,3086,8,86,2),
	(882,1,1068,8,68,2),
	(883,1,3044,8,44,2),
	(884,1,127,8,127,2),
	(885,1,3112,8,112,2),
	(886,1,1090,8,90,2),
	(887,1,3069,8,69,2),
	(888,1,93,8,93,2),
	(889,1,127,8,127,2),
	(890,1,53,8,53,2),
	(891,1,1063,8,63,2),
	(892,1,114,8,114,2),
	(893,1,119,8,119,2),
	(894,1,3082,8,82,2),
	(895,1,2065,8,65,2),
	(896,1,75,8,75,2),
	(897,1,4006,9,6,2),
	(898,1,3082,9,82,2),
	(899,1,2053,9,53,2),
	(900,1,3012,9,12,2),
	(901,1,4101,9,101,2),
	(902,1,1028,9,28,2),
	(903,1,4079,9,79,2),
	(904,1,3025,9,25,2),
	(905,1,24,9,24,2),
	(906,1,3039,9,39,2),
	(907,1,1082,9,82,2),
	(908,1,1012,9,12,2),
	(909,1,3015,9,15,2),
	(910,1,68,9,68,2),
	(911,1,4076,9,76,2),
	(912,1,4067,9,67,2),
	(913,1,53,9,53,2),
	(914,1,4097,9,97,2),
	(915,1,13,9,13,2),
	(916,1,4017,9,17,2),
	(917,1,1049,9,49,2),
	(918,1,2016,9,16,2),
	(919,1,4125,9,125,2),
	(920,1,4068,9,68,2),
	(921,1,15,9,15,2),
	(922,1,4104,9,104,2),
	(923,1,1030,9,30,2),
	(924,1,1057,9,57,2),
	(925,1,1041,9,41,2),
	(926,1,4044,9,44,2),
	(927,1,4008,9,8,2),
	(928,1,40,9,40,2),
	(929,1,2075,9,75,2),
	(930,1,1028,9,28,2),
	(931,1,1017,9,17,2),
	(932,1,111,9,111,2),
	(933,1,3049,9,49,2),
	(934,1,2086,9,86,2),
	(935,1,3077,9,77,2),
	(936,1,3020,9,20,2),
	(937,1,32,9,32,2),
	(938,1,56,9,56,2),
	(939,1,47,9,47,2),
	(940,1,27,9,27,2),
	(941,1,2122,9,122,2),
	(942,1,4034,9,34,2),
	(943,1,80,9,80,2),
	(944,1,4043,9,43,2),
	(945,1,2033,9,33,2),
	(946,1,95,9,95,2),
	(947,1,1032,9,32,2),
	(948,1,2055,9,55,2),
	(949,1,4110,9,110,2),
	(950,1,4024,9,24,2),
	(951,1,1105,9,105,2),
	(952,1,1035,9,35,2),
	(953,1,4031,9,31,2),
	(954,1,104,9,104,2),
	(955,1,1085,9,85,2),
	(956,1,2116,9,116,2),
	(957,1,4036,9,36,2),
	(958,1,1044,9,44,2),
	(959,1,1125,9,125,2),
	(960,1,23,9,23,2),
	(961,1,1022,9,22,2),
	(962,1,76,9,76,2),
	(963,1,2092,9,92,2),
	(964,1,3030,9,30,2),
	(965,1,2121,9,121,2),
	(966,1,4114,9,114,2),
	(967,1,1035,9,35,2),
	(968,1,2026,9,26,2),
	(969,1,2109,9,109,2),
	(970,1,4001,9,1,2),
	(971,1,2056,9,56,2),
	(972,1,4033,9,33,2),
	(973,1,4002,9,2,2),
	(974,1,48,9,48,2),
	(975,1,66,9,66,2),
	(976,1,85,9,85,2),
	(977,1,34,9,34,2),
	(978,1,1063,9,63,2),
	(979,1,66,9,66,2),
	(980,1,90,9,90,2),
	(981,1,2046,9,46,2),
	(982,1,18,9,18,2),
	(983,1,1124,9,124,2),
	(984,1,4012,9,12,2),
	(985,1,1034,9,34,2),
	(986,1,1055,9,55,2),
	(987,1,3103,9,103,2),
	(988,1,1030,9,30,2),
	(989,1,1084,9,84,2),
	(990,1,2047,9,47,2),
	(991,1,3029,9,29,2),
	(992,1,4077,9,77,2),
	(993,1,3112,9,112,2),
	(994,1,3085,9,85,2),
	(995,1,4012,9,12,2),
	(996,1,3028,9,28,2),
	(997,1,1101,9,101,2),
	(998,1,1125,9,125,2);

INSERT INTO Product(barcode, shop_id, product_id, invoice_id, qty, productStatus_id)
VALUES
	(999,1,1006,9,6,2),
	(1000,1,2048,9,48,2),
	(1001,1,95,9,95,2),
	(1002,1,1003,9,3,2),
	(1003,1,4005,9,5,2),
	(1004,1,1003,9,3,2),
	(1005,1,4057,9,57,2),
	(1006,1,1106,9,106,2),
	(1007,1,3003,9,3,2),
	(1008,1,2115,9,115,2),
	(1009,1,1119,10,119,2),
	(1010,1,3127,10,127,2),
	(1011,1,1027,10,27,2),
	(1012,1,1076,10,76,2),
	(1013,1,2018,10,18,2),
	(1014,1,2127,10,127,2),
	(1015,1,3043,10,43,2),
	(1016,1,2110,10,110,2),
	(1017,1,4099,10,99,2),
	(1018,1,18,10,18,2),
	(1019,1,1033,10,33,2),
	(1020,1,66,10,66,2),
	(1021,1,3062,10,62,2),
	(1022,1,1093,10,93,2),
	(1023,1,105,10,105,2),
	(1024,1,1085,10,85,2),
	(1025,1,1117,10,117,2),
	(1026,1,52,10,52,2),
	(1027,1,2079,10,79,2),
	(1028,1,2106,10,106,2),
	(1029,1,3043,10,43,2),
	(1030,1,1092,10,92,2),
	(1031,1,1093,10,93,2),
	(1032,1,4056,10,56,2),
	(1033,1,2080,10,80,2),
	(1034,1,4027,10,27,2),
	(1035,1,1100,10,100,2),
	(1036,1,2125,10,125,2),
	(1037,1,3044,10,44,2),
	(1038,1,4037,10,37,2),
	(1039,1,4017,10,17,2),
	(1040,1,2010,10,10,2),
	(1041,1,8,10,8,2),
	(1042,1,3052,10,52,2),
	(1043,1,2097,10,97,2),
	(1044,1,3053,10,53,2),
	(1045,1,1096,10,96,2),
	(1046,1,1015,10,15,2),
	(1047,1,4015,10,15,2),
	(1048,1,4093,10,93,2),
	(1049,1,1004,10,4,2),
	(1050,1,1119,10,119,2),
	(1051,1,4017,10,17,2),
	(1052,1,1092,10,92,2),
	(1053,1,2013,10,13,2),
	(1054,1,1016,10,16,2),
	(1055,1,107,10,107,2),
	(1056,1,2028,10,28,2),
	(1057,1,3094,10,94,2),
	(1058,1,3042,10,42,2),
	(1059,1,1015,10,15,2),
	(1060,1,2046,10,46,2),
	(1061,1,1111,10,111,2),
	(1062,1,2101,10,101,2),
	(1063,1,17,10,17,2),
	(1064,1,3008,10,8,2),
	(1065,1,3054,10,54,2),
	(1066,1,1002,10,2,2),
	(1067,1,3060,10,60,2),
	(1068,1,3107,10,107,2),
	(1069,1,1013,10,13,2),
	(1070,1,4043,10,43,2),
	(1071,1,2051,10,51,2),
	(1072,1,2032,10,32,2),
	(1073,1,1012,10,12,2),
	(1074,1,2121,10,121,2),
	(1075,1,1040,10,40,2),
	(1076,1,3093,10,93,2),
	(1077,1,57,10,57,2),
	(1078,1,4,10,4,2),
	(1079,1,2072,10,72,2),
	(1080,1,3047,10,47,2),
	(1081,1,2082,10,82,2),
	(1082,1,4105,10,105,2),
	(1083,1,2103,10,103,2),
	(1084,1,3068,10,68,2),
	(1085,1,2070,10,70,2),
	(1086,1,3123,10,123,2),
	(1087,1,1037,10,37,2),
	(1088,1,1013,10,13,2),
	(1089,1,1059,10,59,2),
	(1090,1,4050,10,50,2),
	(1091,1,4113,10,113,2),
	(1092,1,3071,10,71,2),
	(1093,1,4110,10,110,2),
	(1094,1,4012,10,12,2),
	(1095,1,3123,10,123,2),
	(1096,1,85,10,85,2),
	(1097,1,1072,10,72,2),
	(1098,1,1067,10,67,2),
	(1099,1,1127,10,127,2),
	(1100,1,4023,10,23,2),
	(1101,1,2125,10,125,2),
	(1102,1,1085,10,85,2),
	(1103,1,1103,10,103,2),
	(1104,1,3011,10,11,2),
	(1105,1,36,10,36,2),
	(1106,1,2069,10,69,2),
	(1107,1,3065,10,65,2),
	(1108,1,1031,10,31,2),
	(1109,1,83,10,83,2),
	(1110,1,3071,10,71,2),
	(1111,1,4024,10,24,2),
	(1112,1,98,10,98,2),
	(1113,1,3072,10,72,2),
	(1114,1,117,10,117,2),
	(1115,1,4022,10,22,2),
	(1116,1,2009,10,9,2),
	(1117,1,3125,10,125,2),
	(1118,1,3065,10,65,2),
	(1119,1,101,10,101,2),
	(1120,1,2068,10,68,2),
	(1121,1,2046,11,46,2),
	(1122,1,3002,11,2,2),
	(1123,1,3016,11,16,2),
	(1124,1,3051,11,51,2),
	(1125,1,3088,11,88,2),
	(1126,1,3045,11,45,2),
	(1127,1,33,11,33,2),
	(1128,1,50,11,50,2),
	(1129,1,2044,11,44,2),
	(1130,1,1109,11,109,2),
	(1131,1,3041,11,41,2),
	(1132,1,2127,11,127,2),
	(1133,1,70,11,70,2),
	(1134,1,4058,11,58,2),
	(1135,1,77,11,77,2),
	(1136,1,2101,11,101,2),
	(1137,1,4029,11,29,2),
	(1138,1,1032,11,32,2),
	(1139,1,1014,11,14,2),
	(1140,1,1051,11,51,2),
	(1141,1,3099,11,99,2),
	(1142,1,1069,11,69,2),
	(1143,1,3025,11,25,2),
	(1144,1,2055,11,55,2),
	(1145,1,1018,11,18,2),
	(1146,1,4004,11,4,2),
	(1147,1,1094,11,94,2),
	(1148,1,2024,11,24,2),
	(1149,1,107,11,107,2),
	(1150,1,2124,11,124,2),
	(1151,1,2098,11,98,2),
	(1152,1,4079,11,79,2),
	(1153,1,112,11,112,2),
	(1154,1,3026,11,26,2),
	(1155,1,4012,11,12,2),
	(1156,1,2020,11,20,2),
	(1157,1,91,11,91,2),
	(1158,1,105,11,105,2),
	(1159,1,2068,11,68,2),
	(1160,1,3070,11,70,2),
	(1161,1,1001,11,1,2),
	(1162,1,3091,11,91,2),
	(1163,1,2066,11,66,2),
	(1164,1,1075,11,75,2),
	(1165,1,3091,11,91,2),
	(1166,1,5,11,5,2),
	(1167,1,3075,11,75,2),
	(1168,1,2003,11,3,2),
	(1169,1,4005,11,5,2),
	(1170,1,2106,11,106,2),
	(1171,1,3042,11,42,2),
	(1172,1,1028,11,28,2),
	(1173,1,2058,11,58,2),
	(1174,1,58,11,58,2),
	(1175,1,3103,11,103,2),
	(1176,1,3111,11,111,2),
	(1177,1,2015,11,15,2),
	(1178,1,4032,11,32,2),
	(1179,1,4109,11,109,2),
	(1180,1,4049,11,49,2),
	(1181,1,1005,11,5,2),
	(1182,1,3117,11,117,2),
	(1183,1,2038,11,38,2),
	(1184,1,2025,11,25,2),
	(1185,1,3013,11,13,2),
	(1186,1,4070,11,70,2),
	(1187,1,4078,11,78,2),
	(1188,1,52,11,52,2),
	(1189,1,1011,11,11,2),
	(1190,1,1001,11,1,2),
	(1191,1,65,11,65,2),
	(1192,1,1017,11,17,2),
	(1193,1,1117,11,117,2),
	(1194,1,1033,11,33,2),
	(1195,1,4088,11,88,2),
	(1196,1,116,11,116,2),
	(1197,1,4068,11,68,2),
	(1198,1,2112,11,112,2),
	(1199,1,4126,11,126,2),
	(1200,1,3023,11,23,2),
	(1201,1,1078,11,78,2),
	(1202,1,1087,11,87,2),
	(1203,1,3126,11,126,2),
	(1204,1,1045,11,45,2),
	(1205,1,1008,11,8,2),
	(1206,1,4026,11,26,2),
	(1207,1,2016,11,16,2),
	(1208,1,2061,11,61,2),
	(1209,1,3069,11,69,2),
	(1210,1,2117,11,117,2),
	(1211,1,3125,11,125,2),
	(1212,1,4040,11,40,2),
	(1213,1,2112,11,112,2),
	(1214,1,1094,11,94,2),
	(1215,1,2118,11,118,2),
	(1216,1,4007,11,7,2),
	(1217,1,3071,11,71,2),
	(1218,1,4019,11,19,2),
	(1219,1,2038,11,38,2),
	(1220,1,2028,11,28,2),
	(1221,1,66,11,66,2),
	(1222,1,3076,11,76,2),
	(1223,1,1052,11,52,2),
	(1224,1,4038,11,38,2),
	(1225,1,4127,11,127,2),
	(1226,1,2096,11,96,2),
	(1227,1,2037,11,37,2),
	(1228,1,2065,11,65,2),
	(1229,1,3044,11,44,2),
	(1230,1,4068,11,68,2),
	(1231,1,1104,11,104,2),
	(1232,1,1039,11,39,2),
	(1233,1,4051,12,51,2),
	(1234,1,2106,12,106,2),
	(1235,1,4053,12,53,2),
	(1236,1,2047,12,47,2),
	(1237,1,40,12,40,2),
	(1238,1,2072,12,72,2),
	(1239,1,85,12,85,2),
	(1240,1,1063,12,63,2),
	(1241,1,12,12,12,2),
	(1242,1,2117,12,117,2),
	(1243,1,2007,12,7,2),
	(1244,1,1099,12,99,2),
	(1245,1,1035,12,35,2),
	(1246,1,1122,12,122,2),
	(1247,1,1041,12,41,2),
	(1248,1,1043,12,43,2),
	(1249,1,1119,12,119,2),
	(1250,1,3024,12,24,2),
	(1251,1,69,12,69,2),
	(1252,1,2104,12,104,2),
	(1253,1,3113,12,113,2),
	(1254,1,3046,12,46,2),
	(1255,1,3041,12,41,2),
	(1256,1,2041,12,41,2),
	(1257,1,97,12,97,2),
	(1258,1,20,12,20,2),
	(1259,1,28,12,28,2),
	(1260,1,1079,12,79,2),
	(1261,1,4122,12,122,2),
	(1262,1,63,12,63,2),
	(1263,1,4106,12,106,2),
	(1264,1,1102,12,102,2),
	(1265,1,2002,12,2,2),
	(1266,1,3102,12,102,2),
	(1267,1,1026,12,26,2),
	(1268,1,99,12,99,2),
	(1269,1,4074,12,74,2),
	(1270,1,99,12,99,2),
	(1271,1,2053,12,53,2),
	(1272,1,3072,12,72,2),
	(1273,1,2074,12,74,2),
	(1274,1,3117,12,117,2),
	(1275,1,2001,12,1,2),
	(1276,1,3012,12,12,2),
	(1277,1,3047,12,47,2),
	(1278,1,1107,12,107,2),
	(1279,1,1047,12,47,2),
	(1280,1,4058,12,58,2),
	(1281,1,125,12,125,2),
	(1282,1,62,12,62,2),
	(1283,1,1062,12,62,2),
	(1284,1,2112,12,112,2),
	(1285,1,2119,12,119,2),
	(1286,1,4,12,4,2),
	(1287,1,70,12,70,2),
	(1288,1,4055,12,55,2),
	(1289,1,3029,12,29,2),
	(1290,1,4076,12,76,2),
	(1291,1,30,12,30,2),
	(1292,1,4049,12,49,2),
	(1293,1,2029,12,29,2),
	(1294,1,3064,12,64,2),
	(1295,1,1019,12,19,2),
	(1296,1,1124,12,124,2),
	(1297,1,100,12,100,2),
	(1298,1,2098,12,98,2),
	(1299,1,80,12,80,2),
	(1300,1,2117,12,117,2),
	(1301,1,3069,12,69,2),
	(1302,1,1126,12,126,2),
	(1303,1,23,12,23,2),
	(1304,1,4097,12,97,2),
	(1305,1,64,12,64,2),
	(1306,1,117,12,117,2),
	(1307,1,2015,12,15,2),
	(1308,1,113,12,113,2),
	(1309,1,3126,12,126,2),
	(1310,1,32,12,32,2),
	(1311,1,3065,12,65,2),
	(1312,1,45,12,45,2),
	(1313,1,1035,12,35,2),
	(1314,1,4040,12,40,2),
	(1315,1,2082,12,82,2),
	(1316,1,4044,12,44,2),
	(1317,1,1057,12,57,2),
	(1318,1,4045,12,45,2),
	(1319,1,4103,12,103,2),
	(1320,1,1073,12,73,2),
	(1321,1,4052,12,52,2),
	(1322,1,4057,12,57,2),
	(1323,1,54,12,54,2),
	(1324,1,4022,12,22,2),
	(1325,1,4004,12,4,2),
	(1326,1,2108,12,108,2),
	(1327,1,87,12,87,2),
	(1328,1,2120,12,120,2),
	(1329,1,90,12,90,2),
	(1330,1,1030,12,30,2),
	(1331,1,1003,12,3,2),
	(1332,1,2031,12,31,2),
	(1333,1,4023,12,23,2),
	(1334,1,74,12,74,2),
	(1335,1,1001,12,1,2),
	(1336,1,2071,12,71,2),
	(1337,1,3124,12,124,2),
	(1338,1,3037,12,37,2),
	(1339,1,4047,12,47,2),
	(1340,1,3037,12,37,2),
	(1341,1,3029,12,29,2),
	(1342,1,2016,12,16,2),
	(1343,1,1087,12,87,2),
	(1344,1,4054,12,54,2),
	(1345,1,72,13,72,2),
	(1346,1,2035,13,35,2),
	(1347,1,1053,13,53,2),
	(1348,1,3005,13,5,2),
	(1349,1,3100,13,100,2),
	(1350,1,101,13,101,2),
	(1351,1,3043,13,43,2),
	(1352,1,4074,13,74,2),
	(1353,1,2073,13,73,2),
	(1354,1,2040,13,40,2),
	(1355,1,2103,13,103,2),
	(1356,1,4002,13,2,2),
	(1357,1,2042,13,42,2),
	(1358,1,1097,13,97,2),
	(1359,1,4003,13,3,2),
	(1360,1,19,13,19,2),
	(1361,1,1006,13,6,2),
	(1362,1,3005,13,5,2),
	(1363,1,96,13,96,2),
	(1364,1,3072,13,72,2),
	(1365,1,91,13,91,2),
	(1366,1,4103,13,103,2),
	(1367,1,55,13,55,2),
	(1368,1,4041,13,41,2),
	(1369,1,2022,13,22,2),
	(1370,1,4009,13,9,2),
	(1371,1,2108,13,108,2),
	(1372,1,3122,13,122,2),
	(1373,1,1113,13,113,2),
	(1374,1,3,13,3,2),
	(1375,1,2094,13,94,2),
	(1376,1,48,13,48,2),
	(1377,1,2124,13,124,2),
	(1378,1,4023,13,23,2),
	(1379,1,4125,13,125,2),
	(1380,1,4029,13,29,2),
	(1381,1,3084,13,84,2),
	(1382,1,2120,13,120,2),
	(1383,1,4034,13,34,2),
	(1384,1,4052,13,52,2),
	(1385,1,3034,13,34,2),
	(1386,1,3004,13,4,2),
	(1387,1,4067,13,67,2),
	(1388,1,2121,13,121,2),
	(1389,1,3044,13,44,2),
	(1390,1,2114,13,114,2),
	(1391,1,4056,13,56,2),
	(1392,1,38,13,38,2),
	(1393,1,3097,13,97,2),
	(1394,1,3116,13,116,2),
	(1395,1,3042,13,42,2),
	(1396,1,1033,13,33,2),
	(1397,1,3029,13,29,2),
	(1398,1,47,13,47,2),
	(1399,1,52,13,52,2),
	(1400,1,4054,13,54,2),
	(1401,1,1027,13,27,2),
	(1402,1,4040,13,40,2),
	(1403,1,1011,13,11,2),
	(1404,1,87,13,87,2),
	(1405,1,2032,13,32,2),
	(1406,1,87,13,87,2),
	(1407,1,125,13,125,2),
	(1408,1,2103,13,103,2),
	(1409,1,3093,13,93,2),
	(1410,1,2103,13,103,2),
	(1411,1,103,13,103,2),
	(1412,1,4026,13,26,2),
	(1413,1,2099,13,99,2),
	(1414,1,3029,13,29,2),
	(1415,1,4119,13,119,2),
	(1416,1,43,13,43,2),
	(1417,1,1015,13,15,2),
	(1418,1,80,13,80,2),
	(1419,1,3105,13,105,2),
	(1420,1,33,13,33,2),
	(1421,1,1080,13,80,2),
	(1422,1,57,13,57,2),
	(1423,1,2036,13,36,2),
	(1424,1,2096,13,96,2),
	(1425,1,2078,13,78,2),
	(1426,1,3119,13,119,2),
	(1427,1,3086,13,86,2),
	(1428,1,1011,13,11,2),
	(1429,1,1090,13,90,2),
	(1430,1,4107,13,107,2),
	(1431,1,4124,13,124,2),
	(1432,1,2081,13,81,2),
	(1433,1,1117,13,117,2),
	(1434,1,2056,13,56,2),
	(1435,1,1078,13,78,2),
	(1436,1,2034,13,34,2),
	(1437,1,1079,13,79,2),
	(1438,1,2011,13,11,2),
	(1439,1,3091,13,91,2),
	(1440,1,3023,13,23,2),
	(1441,1,4027,13,27,2),
	(1442,1,4108,13,108,2),
	(1443,1,1064,13,64,2),
	(1444,1,4066,13,66,2),
	(1445,1,2086,13,86,2),
	(1446,1,4061,13,61,2),
	(1447,1,2005,13,5,2),
	(1448,1,1011,13,11,2),
	(1449,1,4091,13,91,2),
	(1450,1,71,13,71,2),
	(1451,1,2045,13,45,2),
	(1452,1,2035,13,35,2),
	(1453,1,2121,13,121,2),
	(1454,1,2105,13,105,2),
	(1455,1,30,13,30,2),
	(1456,1,2078,13,78,2),
	(1457,1,75,14,75,2),
	(1458,1,4026,14,26,2),
	(1459,1,7,14,7,2),
	(1460,1,2120,14,120,2),
	(1461,1,86,14,86,2),
	(1462,1,2028,14,28,2),
	(1463,1,4122,14,122,2),
	(1464,1,2029,14,29,2),
	(1465,1,1111,14,111,2),
	(1466,1,117,14,117,2),
	(1467,1,1124,14,124,2),
	(1468,1,4061,14,61,2),
	(1469,1,4046,14,46,2),
	(1470,1,127,14,127,2),
	(1471,1,1041,14,41,2),
	(1472,1,3011,14,11,2),
	(1473,1,1076,14,76,2),
	(1474,1,4046,14,46,2),
	(1475,1,1087,14,87,2),
	(1476,1,50,14,50,2),
	(1477,1,2048,14,48,2),
	(1478,1,1083,14,83,2),
	(1479,1,2072,14,72,2),
	(1480,1,2026,14,26,2),
	(1481,1,4004,14,4,2),
	(1482,1,2014,14,14,2),
	(1483,1,3024,14,24,2),
	(1484,1,4102,14,102,2),
	(1485,1,11,14,11,2),
	(1486,1,4024,14,24,2),
	(1487,1,2080,14,80,2),
	(1488,1,19,14,19,2),
	(1489,1,43,14,43,2),
	(1490,1,3047,14,47,2),
	(1491,1,19,14,19,2),
	(1492,1,37,14,37,2),
	(1493,1,2057,14,57,2),
	(1494,1,60,14,60,2),
	(1495,1,4040,14,40,2),
	(1496,1,3077,14,77,2),
	(1497,1,1127,14,127,2),
	(1498,1,4001,14,1,2),
	(1499,1,12,14,12,2),
	(1500,1,1087,14,87,2),
	(1501,1,2083,14,83,2),
	(1502,1,78,14,78,2),
	(1503,1,2096,14,96,2),
	(1504,1,2120,14,120,2),
	(1505,1,4044,14,44,2),
	(1506,1,2108,14,108,2),
	(1507,1,1085,14,85,2),
	(1508,1,2060,14,60,2),
	(1509,1,1086,14,86,2),
	(1510,1,105,14,105,2),
	(1511,1,2058,14,58,2),
	(1512,1,4121,14,121,2),
	(1513,1,9,14,9,2),
	(1514,1,4005,14,5,2),
	(1515,1,3127,14,127,2),
	(1516,1,2077,14,77,2),
	(1517,1,2041,14,41,2),
	(1518,1,3089,14,89,2),
	(1519,1,3106,14,106,2),
	(1520,1,1053,14,53,2),
	(1521,1,2042,14,42,2),
	(1522,1,1038,14,38,2),
	(1523,1,1092,14,92,2),
	(1524,1,3079,14,79,2),
	(1525,1,3110,14,110,2),
	(1526,1,4080,14,80,2),
	(1527,1,4009,14,9,2),
	(1528,1,3024,14,24,2),
	(1529,1,2106,14,106,2),
	(1530,1,4,14,4,2),
	(1531,1,97,14,97,2),
	(1532,1,2076,14,76,2),
	(1533,1,4125,14,125,2),
	(1534,1,1044,14,44,2),
	(1535,1,122,14,122,2),
	(1536,1,3124,14,124,2),
	(1537,1,1012,14,12,2),
	(1538,1,4001,14,1,2),
	(1539,1,1067,14,67,2),
	(1540,1,3059,14,59,2),
	(1541,1,4015,14,15,2),
	(1542,1,4118,14,118,2),
	(1543,1,39,14,39,2),
	(1544,1,2088,14,88,2),
	(1545,1,2055,14,55,2),
	(1546,1,106,14,106,2),
	(1547,1,4110,14,110,2),
	(1548,1,3051,14,51,2),
	(1549,1,1005,14,5,2),
	(1550,1,2084,14,84,2),
	(1551,1,1049,14,49,2),
	(1552,1,50,14,50,2),
	(1553,1,1068,14,68,2),
	(1554,1,1038,14,38,2),
	(1555,1,23,14,23,2),
	(1556,1,1087,14,87,2),
	(1557,1,4096,14,96,2),
	(1558,1,1108,14,108,2),
	(1559,1,104,14,104,2),
	(1560,1,2023,14,23,2),
	(1561,1,49,14,49,2),
	(1562,1,2049,14,49,2),
	(1563,1,2085,14,85,2),
	(1564,1,3042,14,42,2),
	(1565,1,2076,14,76,2),
	(1566,1,5,14,5,2),
	(1567,1,3098,14,98,2),
	(1568,1,72,14,72,2),
	(1569,1,2084,15,84,2),
	(1570,1,1081,15,81,2),
	(1571,1,76,15,76,2),
	(1572,1,63,15,63,2),
	(1573,1,3013,15,13,2),
	(1574,1,2075,15,75,2),
	(1575,1,4004,15,4,2),
	(1576,1,1018,15,18,2),
	(1577,1,4084,15,84,2),
	(1578,1,2053,15,53,2),
	(1579,1,75,15,75,2),
	(1580,1,122,15,122,2),
	(1581,1,1064,15,64,2),
	(1582,1,2057,15,57,2),
	(1583,1,21,15,21,2),
	(1584,1,1100,15,100,2),
	(1585,1,27,15,27,2),
	(1586,1,88,15,88,2),
	(1587,1,31,15,31,2),
	(1588,1,4108,15,108,2),
	(1589,1,1124,15,124,2),
	(1590,1,2124,15,124,2),
	(1591,1,3060,15,60,2),
	(1592,1,34,15,34,2),
	(1593,1,17,15,17,2),
	(1594,1,119,15,119,2),
	(1595,1,31,15,31,2),
	(1596,1,69,15,69,2),
	(1597,1,1068,15,68,2),
	(1598,1,4098,15,98,2),
	(1599,1,2054,15,54,2),
	(1600,1,3048,15,48,2),
	(1601,1,1102,15,102,2),
	(1602,1,64,15,64,2),
	(1603,1,3065,15,65,2),
	(1604,1,3052,15,52,2),
	(1605,1,4027,15,27,2),
	(1606,1,4029,15,29,2),
	(1607,1,101,15,101,2),
	(1608,1,1066,15,66,2),
	(1609,1,3001,15,1,2),
	(1610,1,3116,15,116,2),
	(1611,1,3085,15,85,2),
	(1612,1,2112,15,112,2),
	(1613,1,2082,15,82,2),
	(1614,1,3050,15,50,2),
	(1615,1,2060,15,60,2),
	(1616,1,1045,15,45,2),
	(1617,1,1082,15,82,2),
	(1618,1,4062,15,62,2),
	(1619,1,1038,15,38,2),
	(1620,1,2109,15,109,2),
	(1621,1,3014,15,14,2),
	(1622,1,1107,15,107,2),
	(1623,1,1002,15,2,2),
	(1624,1,2102,15,102,2),
	(1625,1,4031,15,31,2),
	(1626,1,2089,15,89,2),
	(1627,1,3064,15,64,2),
	(1628,1,32,15,32,2),
	(1629,1,3066,15,66,2),
	(1630,1,2015,15,15,2),
	(1631,1,3088,15,88,2),
	(1632,1,4091,15,91,2),
	(1633,1,2013,15,13,2),
	(1634,1,1049,15,49,2),
	(1635,1,1083,15,83,2),
	(1636,1,4120,15,120,2),
	(1637,1,3037,15,37,2),
	(1638,1,4040,15,40,2),
	(1639,1,4039,15,39,2),
	(1640,1,31,15,31,2),
	(1641,1,2013,15,13,2),
	(1642,1,2031,15,31,2),
	(1643,1,2,15,2,2),
	(1644,1,1084,15,84,2),
	(1645,1,1081,15,81,2),
	(1646,1,3061,15,61,2),
	(1647,1,1066,15,66,2),
	(1648,1,3089,15,89,2),
	(1649,1,1060,15,60,2),
	(1650,1,1093,15,93,2),
	(1651,1,1110,15,110,2),
	(1652,1,100,15,100,2),
	(1653,1,98,15,98,2),
	(1654,1,3032,15,32,2),
	(1655,1,1075,15,75,2),
	(1656,1,1087,15,87,2),
	(1657,1,4070,15,70,2),
	(1658,1,1124,15,124,2),
	(1659,1,3033,15,33,2),
	(1660,1,3007,15,7,2),
	(1661,1,2083,15,83,2),
	(1662,1,3041,15,41,2),
	(1663,1,29,15,29,2),
	(1664,1,105,15,105,2),
	(1665,1,86,15,86,2),
	(1666,1,2017,15,17,2),
	(1667,1,80,15,80,2),
	(1668,1,4013,15,13,2),
	(1669,1,4064,15,64,2),
	(1670,1,1123,15,123,2),
	(1671,1,4051,15,51,2),
	(1672,1,39,15,39,2),
	(1673,1,4061,15,61,2),
	(1674,1,2016,15,16,2),
	(1675,1,2090,15,90,2),
	(1676,1,1016,15,16,2),
	(1677,1,4107,15,107,2),
	(1678,1,2057,15,57,2),
	(1679,1,30,15,30,2),
	(1680,1,37,15,37,2),
	(1681,1,2056,16,56,2),
	(1682,1,82,16,82,2),
	(1683,1,1086,16,86,2),
	(1684,1,3084,16,84,2),
	(1685,1,2017,16,17,2),
	(1686,1,2075,16,75,2),
	(1687,1,2051,16,51,2),
	(1688,1,2082,16,82,2),
	(1689,1,2115,16,115,2),
	(1690,1,2013,16,13,2),
	(1691,1,2117,16,117,2),
	(1692,1,1020,16,20,2),
	(1693,1,1018,16,18,2),
	(1694,1,4104,16,104,2),
	(1695,1,1013,16,13,2),
	(1696,1,2078,16,78,2),
	(1697,1,3057,16,57,2),
	(1698,1,90,16,90,2),
	(1699,1,1018,16,18,2),
	(1700,1,3042,16,42,2),
	(1701,1,1021,16,21,2),
	(1702,1,77,16,77,2),
	(1703,1,4111,16,111,2),
	(1704,1,33,16,33,2),
	(1705,1,4125,16,125,2),
	(1706,1,1099,16,99,2),
	(1707,1,7,16,7,2),
	(1708,1,4056,16,56,2),
	(1709,1,2117,16,117,2),
	(1710,1,1076,16,76,2),
	(1711,1,1044,16,44,2),
	(1712,1,1076,16,76,2),
	(1713,1,2040,16,40,2),
	(1714,1,4055,16,55,2),
	(1715,1,2051,16,51,2),
	(1716,1,2124,16,124,2),
	(1717,1,1038,16,38,2),
	(1718,1,1032,16,32,2),
	(1719,1,2052,16,52,2),
	(1720,1,107,16,107,2),
	(1721,1,2046,16,46,2),
	(1722,1,2088,16,88,2),
	(1723,1,1005,16,5,2),
	(1724,1,4027,16,27,2),
	(1725,1,1092,16,92,2),
	(1726,1,4072,16,72,2),
	(1727,1,4004,16,4,2),
	(1728,1,4114,16,114,2),
	(1729,1,57,16,57,2),
	(1730,1,2003,16,3,2),
	(1731,1,3123,16,123,2),
	(1732,1,2104,16,104,2),
	(1733,1,46,16,46,2),
	(1734,1,2026,16,26,2),
	(1735,1,1046,16,46,2),
	(1736,1,3123,16,123,2),
	(1737,1,1051,16,51,2),
	(1738,1,105,16,105,2),
	(1739,1,3002,16,2,2),
	(1740,1,2022,16,22,2),
	(1741,1,3043,16,43,2),
	(1742,1,1052,16,52,2),
	(1743,1,46,16,46,2),
	(1744,1,3084,16,84,2),
	(1745,1,2127,16,127,2),
	(1746,1,1081,16,81,2),
	(1747,1,4082,16,82,2),
	(1748,1,4076,16,76,2),
	(1749,1,71,16,71,2),
	(1750,1,1111,16,111,2),
	(1751,1,76,16,76,2),
	(1752,1,4064,16,64,2),
	(1753,1,42,16,42,2),
	(1754,1,104,16,104,2),
	(1755,1,118,16,118,2),
	(1756,1,125,16,125,2),
	(1757,1,3087,16,87,2),
	(1758,1,3007,16,7,2),
	(1759,1,3034,16,34,2),
	(1760,1,3035,16,35,2),
	(1761,1,1028,16,28,2),
	(1762,1,1089,16,89,2),
	(1763,1,95,16,95,2),
	(1764,1,1013,16,13,2),
	(1765,1,1013,16,13,2),
	(1766,1,3063,16,63,2),
	(1767,1,2106,16,106,2),
	(1768,1,1117,16,117,2),
	(1769,1,1097,16,97,2),
	(1770,1,15,16,15,2),
	(1771,1,3030,16,30,2),
	(1772,1,2011,16,11,2),
	(1773,1,1022,16,22,2),
	(1774,1,125,16,125,2),
	(1775,1,3,16,3,2),
	(1776,1,3105,16,105,2),
	(1777,1,2062,16,62,2),
	(1778,1,3006,16,6,2),
	(1779,1,1110,16,110,2),
	(1780,1,4101,16,101,2),
	(1781,1,53,16,53,2),
	(1782,1,2109,16,109,2),
	(1783,1,2123,16,123,2),
	(1784,1,103,16,103,2),
	(1785,1,2048,16,48,2),
	(1786,1,4001,16,1,2),
	(1787,1,3078,16,78,2),
	(1788,1,2125,16,125,2),
	(1789,1,1112,16,112,2),
	(1790,1,3062,16,62,2),
	(1791,1,1035,16,35,2),
	(1792,1,1108,16,108,2),
	(1793,1,2116,17,116,2),
	(1794,1,91,17,91,2),
	(1795,1,1036,17,36,2),
	(1796,1,3025,17,25,2),
	(1797,1,3069,17,69,2),
	(1798,1,2107,17,107,2),
	(1799,1,1117,17,117,2),
	(1800,1,3073,17,73,2),
	(1801,1,2082,17,82,2),
	(1802,1,2078,17,78,2),
	(1803,1,1006,17,6,2),
	(1804,1,4007,17,7,2),
	(1805,1,56,17,56,2),
	(1806,1,3092,17,92,2),
	(1807,1,35,17,35,2),
	(1808,1,1007,17,7,2),
	(1809,1,124,17,124,2),
	(1810,1,1098,17,98,2),
	(1811,1,1123,17,123,2),
	(1812,1,1026,17,26,2),
	(1813,1,15,17,15,2),
	(1814,1,4067,17,67,2),
	(1815,1,1034,17,34,2),
	(1816,1,3071,17,71,2),
	(1817,1,1038,17,38,2),
	(1818,1,4030,17,30,2),
	(1819,1,4095,17,95,2),
	(1820,1,3074,17,74,2),
	(1821,1,1114,17,114,2),
	(1822,1,3011,17,11,2),
	(1823,1,3113,17,113,2),
	(1824,1,3010,17,10,2),
	(1825,1,1113,17,113,2),
	(1826,1,3001,17,1,2),
	(1827,1,3033,17,33,2),
	(1828,1,2042,17,42,2),
	(1829,1,48,17,48,2),
	(1830,1,69,17,69,2),
	(1831,1,2012,17,12,2),
	(1832,1,126,17,126,2),
	(1833,1,1058,17,58,2),
	(1834,1,1095,17,95,2),
	(1835,1,3121,17,121,2),
	(1836,1,1,17,1,2),
	(1837,1,2127,17,127,2),
	(1838,1,2035,17,35,2),
	(1839,1,3106,17,106,2),
	(1840,1,1026,17,26,2),
	(1841,1,53,17,53,2),
	(1842,1,3012,17,12,2),
	(1843,1,4066,17,66,2),
	(1844,1,38,17,38,2),
	(1845,1,2079,17,79,2),
	(1846,1,4026,17,26,2),
	(1847,1,3111,17,111,2),
	(1848,1,4058,17,58,2),
	(1849,1,67,17,67,2),
	(1850,1,77,17,77,2),
	(1851,1,1079,17,79,2),
	(1852,1,124,17,124,2),
	(1853,1,2018,17,18,2),
	(1854,1,2083,17,83,2),
	(1855,1,4072,17,72,2),
	(1856,1,2092,17,92,2),
	(1857,1,1049,17,49,2),
	(1858,1,4071,17,71,2),
	(1859,1,3049,17,49,2),
	(1860,1,4021,17,21,2),
	(1861,1,3107,17,107,2),
	(1862,1,14,17,14,2),
	(1863,1,2,17,2,2),
	(1864,1,1001,17,1,2),
	(1865,1,4062,17,62,2),
	(1866,1,4101,17,101,2),
	(1867,1,1102,17,102,2),
	(1868,1,80,17,80,2),
	(1869,1,1062,17,62,2),
	(1870,1,1052,17,52,2),
	(1871,1,1038,17,38,2),
	(1872,1,3116,17,116,2),
	(1873,1,2005,17,5,2),
	(1874,1,2014,17,14,2),
	(1875,1,1031,17,31,2),
	(1876,1,2024,17,24,2),
	(1877,1,4005,17,5,2),
	(1878,1,2026,17,26,2),
	(1879,1,2008,17,8,2),
	(1880,1,1114,17,114,2),
	(1881,1,1112,17,112,2),
	(1882,1,4026,17,26,2),
	(1883,1,1068,17,68,2),
	(1884,1,2070,17,70,2),
	(1885,1,4123,17,123,2),
	(1886,1,2039,17,39,2),
	(1887,1,1063,17,63,2),
	(1888,1,2095,17,95,2),
	(1889,1,2047,17,47,2),
	(1890,1,4096,17,96,2),
	(1891,1,9,17,9,2),
	(1892,1,4054,17,54,2),
	(1893,1,2059,17,59,2),
	(1894,1,2023,17,23,2),
	(1895,1,1064,17,64,2),
	(1896,1,4127,17,127,2),
	(1897,1,2034,17,34,2),
	(1898,1,4119,17,119,2),
	(1899,1,1080,17,80,2),
	(1900,1,2085,17,85,2),
	(1901,1,4114,17,114,2),
	(1902,1,3064,17,64,2),
	(1903,1,3120,17,120,2),
	(1904,1,1087,17,87,2),
	(1905,1,4045,18,45,1),
	(1906,1,3082,18,82,2),
	(1907,1,2051,18,51,2),
	(1908,1,2007,18,7,2),
	(1909,1,3014,18,14,2),
	(1910,1,2047,18,47,2),
	(1911,1,45,18,45,2),
	(1912,1,1015,18,15,2),
	(1913,1,2040,18,40,2),
	(1914,1,2074,18,74,2),
	(1915,1,111,18,111,2),
	(1916,1,4043,18,43,2),
	(1917,1,3046,18,46,2),
	(1918,1,98,18,98,2),
	(1919,1,2010,18,10,2),
	(1920,1,4028,18,28,2),
	(1921,1,3083,18,83,2),
	(1922,1,2108,18,108,2),
	(1923,1,30,18,30,2),
	(1924,1,1082,18,82,2),
	(1925,1,2102,18,102,2),
	(1926,1,1120,18,120,2),
	(1927,1,3078,18,78,2),
	(1928,1,3042,18,42,2),
	(1929,1,4085,18,85,2),
	(1930,1,3041,18,41,2),
	(1931,1,1099,18,99,2),
	(1932,1,1035,18,35,2),
	(1933,1,2052,18,52,2),
	(1934,1,4032,18,32,2),
	(1935,1,3112,18,112,2),
	(1936,1,3124,18,124,2),
	(1937,1,3052,18,52,2),
	(1938,1,15,18,15,2),
	(1939,1,1019,18,19,2),
	(1940,1,3051,18,51,2),
	(1941,1,1122,18,122,2),
	(1942,1,1076,18,76,2),
	(1943,1,4108,18,108,2);

INSERT INTO Product(barcode, shop_id, product_id, invoice_id, qty, productStatus_id)
VALUES
	(1944,1,3062,18,62,2),
	(1945,1,1055,18,55,2),
	(1946,1,7,18,7,2),
	(1947,1,3007,18,7,2),
	(1948,1,96,18,96,2),
	(1949,1,1050,18,50,2),
	(1950,1,3068,18,68,2),
	(1951,1,1124,18,124,2),
	(1952,1,3065,18,65,2),
	(1953,1,2084,18,84,2),
	(1954,1,3094,18,94,2),
	(1955,1,4012,18,12,2),
	(1956,1,2069,18,69,2),
	(1957,1,8,18,8,2),
	(1958,1,3007,18,7,2),
	(1959,1,4068,18,68,2),
	(1960,1,1038,18,38,2),
	(1961,1,2015,18,15,2),
	(1962,1,2060,18,60,2),
	(1963,1,49,18,49,2),
	(1964,1,3053,18,53,2),
	(1965,1,111,18,111,2),
	(1966,1,3089,18,89,2),
	(1967,1,3117,18,117,2),
	(1968,1,1062,18,62,2),
	(1969,1,2012,18,12,2),
	(1970,1,3027,18,27,2),
	(1971,1,3052,18,52,2),
	(1972,1,3032,18,32,2),
	(1973,1,2107,18,107,2),
	(1974,1,3076,18,76,2),
	(1975,1,4062,18,62,2),
	(1976,1,2017,18,17,2),
	(1977,1,3001,18,1,2),
	(1978,1,4087,18,87,2),
	(1979,1,1123,18,123,2),
	(1980,1,2051,18,51,2),
	(1981,1,2042,18,42,2),
	(1982,1,4003,18,3,2),
	(1983,1,4100,18,100,2),
	(1984,1,3037,18,37,2),
	(1985,1,2125,18,125,2),
	(1986,1,57,18,57,2),
	(1987,1,1077,18,77,2),
	(1988,1,91,18,91,2),
	(1989,1,3113,18,113,2),
	(1990,1,3036,18,36,2),
	(1991,1,4104,18,104,2),
	(1992,1,87,18,87,2),
	(1993,1,1053,18,53,2),
	(1994,1,4025,18,25,2),
	(1995,1,2067,18,67,2),
	(1996,1,1122,18,122,2),
	(1997,1,1014,18,14,2),
	(1998,1,112,18,112,2),
	(1999,1,26,18,26,2),
	(2000,1,1028,18,28,2),
	(2001,1,3042,18,42,2),
	(2002,1,1068,18,68,2),
	(2003,1,3012,18,12,2),
	(2004,1,2127,18,127,2),
	(2005,1,15,18,15,2),
	(2006,1,44,18,44,2),
	(2007,1,3006,18,6,2),
	(2008,1,4020,18,20,2),
	(2009,1,50,18,50,2),
	(2010,1,3051,18,51,2),
	(2011,1,4119,18,119,2),
	(2012,1,126,18,126,2),
	(2013,1,1062,18,62,2),
	(2014,1,99,18,99,2),
	(2015,1,4106,18,106,2),
	(2016,1,1070,18,70,2),
	(2017,1,2046,19,46,2),
	(2018,1,3090,19,90,2),
	(2019,1,87,19,87,2),
	(2020,1,3084,19,84,1),
	(2021,1,3027,19,27,1),
	(2022,1,68,19,68,2),
	(2023,1,3008,19,8,2),
	(2024,1,4127,19,127,1),
	(2025,1,3037,19,37,1),
	(2026,1,3069,19,69,1),
	(2027,1,1108,19,108,2),
	(2028,1,2012,19,12,2),
	(2029,1,3060,19,60,1),
	(2030,1,3098,19,98,2),
	(2031,1,31,19,31,2),
	(2032,1,4018,19,18,1),
	(2033,1,1094,19,94,2),
	(2034,1,2104,19,104,1),
	(2035,1,4029,19,29,2),
	(2036,1,4013,19,13,2),
	(2037,1,1073,19,73,1),
	(2038,1,4040,19,40,1),
	(2039,1,3041,19,41,1),
	(2040,1,3120,19,120,1),
	(2041,1,2086,19,86,1),
	(2042,1,1086,19,86,1),
	(2043,1,3037,19,37,2),
	(2044,1,2061,19,61,1),
	(2045,1,4031,19,31,2),
	(2046,1,2086,19,86,2),
	(2047,1,4003,19,3,1),
	(2048,1,3092,19,92,1),
	(2049,1,2114,19,114,2),
	(2050,1,1099,19,99,2),
	(2051,1,4101,19,101,1),
	(2052,1,3076,19,76,2),
	(2053,1,31,19,31,1),
	(2054,1,4101,19,101,1),
	(2055,1,3009,19,9,1),
	(2056,1,2001,19,1,2),
	(2057,1,49,19,49,1),
	(2058,1,3076,19,76,2),
	(2059,1,1033,19,33,2),
	(2060,1,2102,19,102,1),
	(2061,1,2104,19,104,2),
	(2062,1,3063,19,63,2),
	(2063,1,4005,19,5,1),
	(2064,1,126,19,126,2),
	(2065,1,97,19,97,2),
	(2066,1,4036,19,36,1),
	(2067,1,1049,19,49,2),
	(2068,1,3026,19,26,2),
	(2069,1,4123,19,123,1),
	(2070,1,4080,19,80,1),
	(2071,1,3110,19,110,2),
	(2072,1,2021,19,21,1),
	(2073,1,3111,19,111,2),
	(2074,1,3090,19,90,1),
	(2075,1,127,19,127,1),
	(2076,1,42,19,42,2),
	(2077,1,4087,19,87,2),
	(2078,1,3103,19,103,2),
	(2079,1,1108,19,108,2),
	(2080,1,2112,19,112,1),
	(2081,1,27,19,27,1),
	(2082,1,2003,19,3,2),
	(2083,1,2115,19,115,2),
	(2084,1,120,19,120,2),
	(2085,1,3118,19,118,2),
	(2086,1,121,19,121,2),
	(2087,1,1107,19,107,2),
	(2088,1,2099,19,99,2),
	(2089,1,4039,19,39,1),
	(2090,1,3027,19,27,1),
	(2091,1,33,19,33,1),
	(2092,1,3081,19,81,2),
	(2093,1,2041,19,41,1),
	(2094,1,92,19,92,2),
	(2095,1,39,19,39,1),
	(2096,1,3103,19,103,1),
	(2097,1,3097,19,97,1),
	(2098,1,3104,19,104,2),
	(2099,1,1013,19,13,1),
	(2100,1,1069,19,69,2),
	(2101,1,3025,19,25,1),
	(2102,1,30,19,30,2),
	(2103,1,1126,19,126,2),
	(2104,1,3100,19,100,2),
	(2105,1,2122,19,122,1),
	(2106,1,112,19,112,2),
	(2107,1,4071,19,71,2),
	(2108,1,1034,19,34,1),
	(2109,1,4012,19,12,1),
	(2110,1,1099,19,99,1),
	(2111,1,2049,19,49,2),
	(2112,1,4099,19,99,1),
	(2113,1,1020,19,20,2),
	(2114,1,2096,19,96,1),
	(2115,1,1012,19,12,1),
	(2116,1,12,19,12,1),
	(2117,1,2055,19,55,1),
	(2118,1,74,19,74,1),
	(2119,1,121,19,121,1),
	(2120,1,2026,19,26,2),
	(2121,1,2055,19,55,2),
	(2122,1,1033,19,33,2),
	(2123,1,84,19,84,2),
	(2124,1,4001,19,1,1),
	(2125,1,3055,19,55,1),
	(2126,1,1079,19,79,1),
	(2127,1,4072,19,72,2),
	(2128,1,14,19,14,1),
	(2129,1,33,20,33,1),
	(2130,1,18,20,18,1),
	(2131,1,3065,20,65,1),
	(2132,1,1032,20,32,1),
	(2133,1,4054,20,54,1),
	(2134,1,3116,20,116,1),
	(2135,1,2119,20,119,1),
	(2136,1,1122,20,122,1),
	(2137,1,3116,20,116,1),
	(2138,1,3,20,3,1),
	(2139,1,1104,20,104,1),
	(2140,1,2012,20,12,1),
	(2141,1,2109,20,109,1),
	(2142,1,25,20,25,1),
	(2143,1,3110,20,110,1),
	(2144,1,3019,20,19,1),
	(2145,1,80,20,80,1),
	(2146,1,3020,20,20,1),
	(2147,1,3002,20,2,1),
	(2148,1,62,20,62,1),
	(2149,1,2092,20,92,1),
	(2150,1,2082,20,82,1),
	(2151,1,2114,20,114,1),
	(2152,1,3069,20,69,1),
	(2153,1,2058,20,58,1),
	(2154,1,8,20,8,1),
	(2155,1,86,20,86,1),
	(2156,1,1004,20,4,1),
	(2157,1,4011,20,11,1),
	(2158,1,117,20,117,1),
	(2159,1,3123,20,123,1),
	(2160,1,4089,20,89,1),
	(2161,1,1095,20,95,1),
	(2162,1,4026,20,26,1),
	(2163,1,35,20,35,1),
	(2164,1,2012,20,12,1),
	(2165,1,5,20,5,1),
	(2166,1,3051,20,51,1),
	(2167,1,3071,20,71,1),
	(2168,1,28,20,28,1),
	(2169,1,1014,20,14,1),
	(2170,1,2078,20,78,1),
	(2171,1,1112,20,112,1),
	(2172,1,27,20,27,1),
	(2173,1,1002,20,2,1),
	(2174,1,3002,20,2,1),
	(2175,1,39,20,39,1),
	(2176,1,62,20,62,1),
	(2177,1,4053,20,53,1),
	(2178,1,4095,20,95,1),
	(2179,1,1086,20,86,1),
	(2180,1,2121,20,121,1),
	(2181,1,4051,20,51,1),
	(2182,1,1123,20,123,1),
	(2183,1,1051,20,51,1),
	(2184,1,1011,20,11,1),
	(2185,1,3015,20,15,1),
	(2186,1,2108,20,108,1),
	(2187,1,2115,20,115,1),
	(2188,1,4039,20,39,1),
	(2189,1,4125,20,125,1),
	(2190,1,2085,20,85,1),
	(2191,1,1056,20,56,1),
	(2192,1,12,20,12,1),
	(2193,1,25,20,25,1),
	(2194,1,3123,20,123,1),
	(2195,1,1018,20,18,1),
	(2196,1,4123,20,123,1),
	(2197,1,4120,20,120,1),
	(2198,1,1004,20,4,1),
	(2199,1,1066,20,66,1),
	(2200,1,87,20,87,1),
	(2201,1,53,20,53,1),
	(2202,1,2075,20,75,1),
	(2203,1,38,20,38,1),
	(2204,1,3112,20,112,1),
	(2205,1,4010,20,10,1),
	(2206,1,1038,20,38,1),
	(2207,1,1098,20,98,1),
	(2208,1,1039,20,39,1),
	(2209,1,4018,20,18,1),
	(2210,1,113,20,113,1),
	(2211,1,98,20,98,1),
	(2212,1,1062,20,62,1),
	(2213,1,3116,20,116,1),
	(2214,1,4032,20,32,1),
	(2215,1,2047,20,47,1),
	(2216,1,4127,20,127,1),
	(2217,1,3049,20,49,1),
	(2218,1,3032,20,32,1),
	(2219,1,2010,20,10,1),
	(2220,1,3056,20,56,1),
	(2221,1,4021,20,21,1),
	(2222,1,1020,20,20,1),
	(2223,1,1125,20,125,1),
	(2224,1,46,20,46,1),
	(2225,1,1120,20,120,1),
	(2226,1,4064,20,64,1),
	(2227,1,21,20,21,1),
	(2228,1,4063,20,63,1),
	(2229,1,3073,20,73,1),
	(2230,1,1066,20,66,1),
	(2231,1,3120,20,120,1),
	(2232,1,2034,20,34,1),
	(2233,1,2038,20,38,1),
	(2234,1,3008,20,8,1),
	(2235,1,4095,20,95,1),
	(2236,1,103,20,103,1),
	(2237,1,2004,20,4,1),
	(2238,1,1026,20,26,1),
	(2239,1,4077,20,77,1),
	(2240,1,1090,20,90,1);
