INSERT INTO OrderHeader (order_id, shop_id, orderStatus_id, date) 
VALUES
	(1,1,1,'2021-01-04');

INSERT INTO OrderDetail (order_id, shop_id, product_id, supplier_id, qty) 
	VALUES
	(1,1,15,3,93),
	(1,1,16,3,69),
	(1,1,35,3,116),
	(1,1,48,3,109),
	(1,1,57,8,42),
	(1,1,91,7,25),
	(1,1,102,6,10),
	(1,1,113,7,102),
	(1,1,128,6,1),
	(1,1,132,7,41),
	(1,1,166,7,56),
	(1,1,207,3,64),
	(1,1,243,7,58),
	(1,1,245,5,107),
	(1,1,255,7,59),
	(1,1,273,1,29),
	(1,1,301,6,34),
	(1,1,315,7,113),
	(1,1,320,4,122),
	(1,1,331,5,98),
	(1,1,344,2,119),
	(1,1,390,5,42),
	(1,1,397,5,46),
	(1,1,416,9,23),
	(1,1,438,9,100),
	(1,1,445,2,80),
	(1,1,501,3,58),
	(1,1,528,5,115),
	(1,1,675,1,74),
	(1,1,713,1,15),
	(1,1,868,9,86),
	(1,1,943,3,42),
	(1,1,987,4,57),
	(1,1,1036,9,58),
	(1,1,1066,3,6),
	(1,1,1086,3,38),
	(1,1,1118,9,69),
	(1,1,1131,3,105),
	(1,1,1142,8,77),
	(1,1,1188,9,126),
	(1,1,1189,2,37),
	(1,1,1205,6,115),
	(1,1,1234,9,30),
	(1,1,1239,1,77),
	(1,1,1281,6,103),
	(1,1,1296,6,7),
	(1,1,1305,2,59),
	(1,1,1317,8,10),
	(1,1,1321,3,111),
	(1,1,1326,7,56),
	(1,1,1333,8,114),
	(1,1,1336,7,17),
	(1,1,1349,9,103),
	(1,1,1350,2,101),
	(1,1,1365,3,89),
	(1,1,1392,6,15),
	(1,1,1427,7,90),
	(1,1,1429,7,113),
	(1,1,1431,7,37),
	(1,1,1484,3,49),
	(1,1,1506,9,32),
	(1,1,1533,5,80),
	(1,1,1551,6,90),
	(1,1,1553,9,101),
	(1,1,1578,5,11),
	(1,1,1608,2,33),
	(1,1,1619,1,85),
	(1,1,1628,3,47),
	(1,1,1636,9,76),
	(1,1,1665,3,53),
	(1,1,1672,7,127),
	(1,1,1702,1,84),
	(1,1,1744,7,47),
	(1,1,1747,3,5),
	(1,1,1764,5,118),
	(1,1,1804,1,49),
	(1,1,1814,7,54),
	(1,1,1839,5,80),
	(1,1,1892,1,8),
	(1,1,1915,1,64),
	(1,1,1922,5,15),
	(1,1,1937,3,10),
	(1,1,1953,4,95),
	(1,1,1963,5,112),
	(1,1,1968,1,47),
	(1,1,1998,1,53),
	(1,1,2012,8,62),
	(1,1,2038,6,108),
	(1,1,2049,8,99),
	(1,1,2074,1,106),
	(1,1,2094,3,112),
	(1,1,2108,7,97),
	(1,1,2146,5,53),
	(1,1,2228,2,106),
	(1,1,2231,2,114),
	(1,1,2246,5,113),
	(1,1,2276,9,72),
	(1,1,2297,9,8),
	(1,1,2308,3,6),
	(1,1,2309,5,4),
	(1,1,2335,3,33),
	(1,1,2341,5,19),
	(1,1,2420,3,68),
	(1,1,2423,7,37),
	(1,1,2447,7,122),
	(1,1,2561,9,89),
	(1,1,2561,1,18),
	(1,1,2617,3,49),
	(1,1,2708,1,83),
	(1,1,2716,8,29),
	(1,1,2720,7,19),
	(1,1,2730,8,93),
	(1,1,2756,3,88),
	(1,1,2836,6,47),
	(1,1,2844,9,9),
	(1,1,2883,7,29),
	(1,1,2887,2,96),
	(1,1,2889,1,76),
	(1,1,2891,8,113),
	(1,1,2902,7,5),
	(1,1,2963,2,104),
	(1,1,2963,9,62),
	(1,1,2978,7,1),
	(1,1,2995,7,52),
	(1,1,3065,5,114),
	(1,1,3102,1,9),
	(1,1,3160,9,55),
	(1,1,3173,8,120),
	(1,1,3214,9,92),
	(1,1,3226,2,109),
	(1,1,3238,7,62),
	(1,1,3278,6,81),
	(1,1,3288,8,116),
	(1,1,3301,1,15),
	(1,1,3340,1,103),
	(1,1,3341,4,105),
	(1,1,3347,1,89),
	(1,1,3350,8,65),
	(1,1,3383,9,35),
	(1,1,3395,1,7),
	(1,1,3439,2,16),
	(1,1,3470,3,120),
	(1,1,3523,2,39),
	(1,1,3574,6,109),
	(1,1,3580,1,66),
	(1,1,3582,1,113),
	(1,1,3614,4,52),
	(1,1,3625,5,29),
	(1,1,3636,7,42),
	(1,1,3656,9,34),
	(1,1,3681,8,93),
	(1,1,3691,2,90),
	(1,1,3729,3,54),
	(1,1,3730,1,29),
	(1,1,3733,8,121),
	(1,1,3743,7,26),
	(1,1,3751,4,65),
	(1,1,3794,7,49),
	(1,1,3803,8,28),
	(1,1,3848,9,7),
	(1,1,3897,7,25),
	(1,1,3916,1,92),
	(1,1,3986,2,96),
	(1,1,4020,8,3),
	(1,1,4032,2,100),
	(1,1,4073,5,124),
	(1,1,4099,7,83),
	(1,1,4118,2,24),
	(1,1,4120,1,25),
	(1,1,4143,2,5),
	(1,1,4159,2,102),
	(1,1,4164,1,38),

	(1,1,2315,7,88),
	(1,1,3134,8,126),
	(1,1,516,1,109),
	(1,1,2294,9,80),
	(1,1,87,4,109),
	(1,1,757,3,4),
	(1,1,1905,5,125),
	(1,1,1260,4,68),
	(1,1,299,7,61),
	(1,1,2402,6,58),
	(1,1,3155,7,56),
	(1,1,913,3,111),
	(1,1,3027,6,104),
	(1,1,3220,9,99),
	(1,1,4096,9,5),
	(1,1,3788,5,55),
	(1,1,650,5,127),
	(1,1,3030,2,59),
	(1,1,3333,7,57),
	(1,1,342,3,29),
	(1,1,1802,8,113),
	(1,1,4173,3,56),
	(1,1,482,3,44),
	(1,1,2453,6,82),
	(1,1,136,6,104),
	(1,1,2551,9,84),
	(1,1,2230,9,64),
	(1,1,3955,3,4),
	(1,1,2343,3,106),
	(1,1,827,9,70),
	(1,1,3289,6,46),
	(1,1,3945,4,48),
	(1,1,3150,6,95),
	(1,1,4100,4,18),
	(1,1,241,7,96),
	(1,1,639,8,43),
	(1,1,1076,2,47),
	(1,1,845,4,8),
	(1,1,645,7,9),
	(1,1,2315,5,13),
	(1,1,2052,3,12),
	(1,1,1359,4,69),
	(1,1,73,8,68),
	(1,1,981,7,115),
	(1,1,3948,2,93),
	(1,1,3197,1,24),
	(1,1,1459,3,49),
	(1,1,1076,3,6),
	(1,1,2667,4,100),
	(1,1,2714,4,1),
	(1,1,3057,3,7),
	(1,1,432,2,9),
	(1,1,3624,8,60),
	(1,1,3844,7,39),
	(1,1,3772,2,101),
	(1,1,1770,7,66),
	(1,1,1345,9,44),
	(1,1,485,1,82),
	(1,1,287,8,113),
	(1,1,4028,6,50),
	(1,1,874,6,122),
	(1,1,430,8,74),
	(1,1,1852,3,72),
	(1,1,3230,7,17),
	(1,1,3222,5,58),
	(1,1,1533,9,41),
	(1,1,1453,5,122),
	(1,1,4160,6,82),
	(1,1,3975,9,21),
	(1,1,3880,3,59),
	(1,1,516,4,87),
	(1,1,908,3,105),
	(1,1,95,4,70),
	(1,1,3076,3,55),
	(1,1,3487,9,111),
	(1,1,2971,5,97),
	(1,1,77,8,20),
	(1,1,2483,3,45),
	(1,1,672,7,85),
	(1,1,885,6,76),
	(1,1,1039,9,95),
	(1,1,1100,1,10),
	(1,1,283,5,85),
	(1,1,2407,5,122),
	(1,1,1279,2,97),
	(1,1,3406,3,66),
	(1,1,3709,3,46),
	(1,1,2738,2,3),
	(1,1,3471,6,94),
	(1,1,3560,3,25),
	(1,1,569,6,124),
	(1,1,843,5,90),
	(1,1,2630,9,106),
	(1,1,2694,7,25),
	(1,1,4194,7,91),
	(1,1,3688,2,122),
	(1,1,2181,4,69),
	(1,1,1182,8,86),
	(1,1,2442,8,71),
	(1,1,780,4,81),
	(1,1,2028,7,120),
	(1,1,3845,3,111),
	(1,1,1695,3,107),
	(1,1,850,7,99),
	(1,1,860,7,6),
	(1,1,1108,7,29),
	(1,1,1127,3,33),
	(1,1,4022,6,35),
	(1,1,864,1,52),
	(1,1,3023,4,40),
	(1,1,42,9,75),
	(1,1,1037,3,122),
	(1,1,3375,1,6),
	(1,1,925,7,26),
	(1,1,638,7,51),
	(1,1,1062,9,26),
	(1,1,2071,3,21),
	(1,1,2307,3,42),
	(1,1,2515,3,116),
	(1,1,3957,8,103),
	(1,1,2050,5,15),
	(1,1,4127,3,98),
	(1,1,3060,3,118),
	(1,1,1852,7,48),
	(1,1,1948,8,112),
	(1,1,4116,3,43),
	(1,1,3775,8,19),
	(1,1,4184,6,98),
	(1,1,3607,8,33),
	(1,1,1133,4,7),
	(1,1,3017,3,71),
	(1,1,279,7,11),
	(1,1,1202,4,43),
	(1,1,2750,6,13),
	(1,1,4019,3,45),
	(1,1,3113,6,110),
	(1,1,2262,1,97),
	(1,1,3725,2,127),
	(1,1,1478,6,37),
	(1,1,158,4,19),
	(1,1,35,6,47),
	(1,1,101,8,10),
	(1,1,198,4,8),
	(1,1,141,8,88),
	(1,1,3902,1,121),
	(1,1,2925,3,94),
	(1,1,3766,6,60),
	(1,1,2747,9,121),
	(1,1,1535,8,99),
	(1,1,1549,5,34),
	(1,1,4108,6,26),
	(1,1,538,8,66),
	(1,1,2915,3,92),
	(1,1,228,6,12),
	(1,1,2407,3,50),
	(1,1,1536,7,96),
	(1,1,3936,8,124),
	(1,1,554,9,86),
	(1,1,2206,9,40),
	(1,1,1709,4,66),
	(1,1,2514,7,1),
	(1,1,2957,8,69),
	(1,1,2858,4,111),
	(1,1,467,8,90),
	(1,1,554,7,77),
	(1,1,966,4,37),
	(1,1,191,1,110),
	(1,1,3778,9,21),
	(1,1,1375,6,63),
	(1,1,1028,6,77),
	(1,1,2998,8,8),
	(1,1,1567,2,119),
	(1,1,3362,9,127),
	(1,1,1025,2,45),
	(1,1,1427,3,116),
	(1,1,2359,8,35),
	(1,1,3797,7,43),
	(1,1,578,5,102),
	(1,1,2250,6,62),
	(1,1,2371,5,124),
	(1,1,4085,8,112),
	(1,1,110,9,43),
	(1,1,1973,7,21),
	(1,1,1773,8,3),
	(1,1,2687,6,32),
	(1,1,2038,5,48),
	(1,1,3738,4,82),
	(1,1,1443,1,75),
	(1,1,1647,1,7),
	(1,1,3234,8,21),
	(1,1,863,1,17),
	(1,1,2629,5,40),
	(1,1,4114,6,126),
	(1,1,3403,1,36),
	(1,1,290,8,94),
	(1,1,1812,4,3),
	(1,1,1438,9,78),
	(1,1,3372,4,35),
	(1,1,212,9,14),
	(1,1,2610,5,24),
	(1,1,1626,6,38),
	(1,1,4126,9,98),
	(1,1,2756,4,95),
	(1,1,3592,6,103),
	(1,1,651,6,80),
	(1,1,1799,4,127),
	(1,1,3454,1,89),
	(1,1,838,1,98),
	(1,1,4104,6,32),
	(1,1,3489,8,57),
	(1,1,3016,9,14),
	(1,1,578,8,81),
	(1,1,1283,2,112),
	(1,1,221,1,64),
	(1,1,2306,9,107),
	(1,1,1333,2,65),
	(1,1,2774,8,124),
	(1,1,2919,5,28),
	(1,1,3161,3,28),
	(1,1,1407,2,93),
	(1,1,970,5,55),
	(1,1,1558,8,58),
	(1,1,3661,9,121),
	(1,1,3125,2,72),
	(1,1,3463,9,124),
	(1,1,3253,8,14),
	(1,1,3258,2,1),
	(1,1,2323,1,8),
	(1,1,257,6,77),
	(1,1,1560,8,99),
	(1,1,359,2,99),
	(1,1,1625,6,39),
	(1,1,1562,7,76),
	(1,1,210,7,54),
	(1,1,2227,2,125),
	(1,1,2652,8,38),
	(1,1,1535,6,51),
	(1,1,1189,9,30),
	(1,1,1914,2,121),
	(1,1,468,1,52),
	(1,1,2357,2,74),
	(1,1,3127,7,120),
	(1,1,3196,5,64),
	(1,1,2666,3,93),
	(1,1,2970,8,117),
	(1,1,2509,4,93),
	(1,1,1076,8,8),
	(1,1,2659,2,33),
	(1,1,2651,6,59),
	(1,1,375,8,4),
	(1,1,1563,1,75),
	(1,1,235,5,11),
	(1,1,2670,1,89),
	(1,1,3041,9,20),
	(1,1,133,2,122),
	(1,1,2859,2,29),
	(1,1,778,5,66),
	(1,1,1412,1,76),
	(1,1,2405,9,22),
	(1,1,817,3,7),
	(1,1,1173,2,113),
	(1,1,1780,6,84),
	(1,1,492,1,80),
	(1,1,9,7,71),
	(1,1,437,1,44),
	(1,1,163,1,36),
	(1,1,1165,4,109),
	(1,1,2285,9,127),
	(1,1,941,7,106),
	(1,1,578,1,12),
	(1,1,3572,2,90),
	(1,1,2008,4,26),
	(1,1,1625,7,56),
	(1,1,1314,4,123),
	(1,1,3201,3,83),
	(1,1,2603,1,23),
	(1,1,648,2,27),
	(1,1,774,1,79),
	(1,1,2269,5,74),
	(1,1,4109,3,80),
	(1,1,570,2,23),
	(1,1,2998,3,87),
	(1,1,3677,3,64),
	(1,1,155,2,18),
	(1,1,2158,5,104),
	(1,1,2357,3,12),
	(1,1,1425,3,99),
	(1,1,241,1,17),
	(1,1,2752,7,5),
	(1,1,4182,8,14),
	(1,1,1897,8,53),
	(1,1,1745,6,28),
	(1,1,3535,3,1),
	(1,1,1780,2,26),
	(1,1,284,6,39),
	(1,1,2763,9,125),
	(1,1,3768,2,121),
	(1,1,2404,2,18),
	(1,1,165,7,24),
	(1,1,3115,6,30),
	(1,1,2907,9,74),
	(1,1,1441,1,42),
	(1,1,643,3,32),
	(1,1,2057,5,35),
	(1,1,1650,5,109),
	(1,1,1332,6,112),
	(1,1,422,5,92),
	(1,1,2785,9,40),
	(1,1,3003,2,42),
	(1,1,747,7,90),
	(1,1,232,4,90),
	(1,1,341,5,103),
	(1,1,4044,6,116),
	(1,1,537,1,62),
	(1,1,1514,5,1),
	(1,1,3008,5,18),
	(1,1,3005,8,9),
	(1,1,50,3,66),
	(1,1,1701,6,93),
	(1,1,292,1,65),
	(1,1,1404,2,127),
	(1,1,2489,6,19),
	(1,1,2933,7,123),
	(1,1,3802,7,76),
	(1,1,2062,1,5),
	(1,1,2566,9,51),
	(1,1,3223,4,126),
	(1,1,1980,8,91),
	(1,1,2212,2,19),
	(1,1,2213,6,71),
	(1,1,1291,2,2),
	(1,1,1574,4,111),
	(1,1,1688,8,79),
	(1,1,2231,6,103),
	(1,1,872,1,119),
	(1,1,2966,9,93),
	(1,1,3884,8,62),
	(1,1,4072,3,105),
	(1,1,2478,2,30),
	(1,1,1315,6,122),
	(1,1,330,4,76),
	(1,1,3363,9,45),
	(1,1,3502,5,64),
	(1,1,3192,8,6),
	(1,1,3757,7,20),
	(1,1,1970,2,9),
	(1,1,1925,2,125),
	(1,1,683,3,69),
	(1,1,1973,4,40),
	(1,1,2845,8,32),
	(1,1,2655,5,36),
	(1,1,3875,3,34),
	(1,1,2550,2,120),
	(1,1,3969,7,71),
	(1,1,3057,9,112),
	(1,1,3518,3,51),
	(1,1,506,5,19),
	(1,1,2523,7,119),
	(1,1,1890,4,58),
	(1,1,4057,4,37),
	(1,1,1685,3,12),
	(1,1,2582,2,95),
	(1,1,3123,7,102),
	(1,1,1239,5,97),
	(1,1,1962,3,58),
	(1,1,179,3,28),
	(1,1,1456,9,41),
	(1,1,3783,3,9),
	(1,1,922,8,45),
	(1,1,1763,1,61),
	(1,1,1111,1,51),
	(1,1,127,9,108),
	(1,1,1303,8,15),
	(1,1,1747,9,2),
	(1,1,483,7,58),
	(1,1,74,9,122),
	(1,1,2658,1,75),
	(1,1,739,6,64),
	(1,1,144,2,15),
	(1,1,3470,7,10),
	(1,1,578,6,79),
	(1,1,2141,4,109),
	(1,1,2437,7,115),
	(1,1,4058,5,53),
	(1,1,1488,4,59),
	(1,1,2154,8,19),
	(1,1,3334,2,36),
	(1,1,2935,1,40),
	(1,1,2052,2,55),
	(1,1,3397,5,69),
	(1,1,944,5,35),
	(1,1,1321,9,26),
	(1,1,1846,5,44),
	(1,1,4031,6,91),
	(1,1,2356,3,28),
	(1,1,4081,3,78),
	(1,1,3955,7,29),
	(1,1,1794,1,26),
	(1,1,2521,5,44),
	(1,1,3038,5,15),
	(1,1,232,1,56),
	(1,1,225,4,17),
	(1,1,2802,8,101),
	(1,1,2177,5,16),
	(1,1,3837,6,49),
	(1,1,1792,3,40),
	(1,1,468,2,96),
	(1,1,3296,3,14),
	(1,1,2925,6,79),
	(1,1,3231,7,51),
	(1,1,2282,8,49),
	(1,1,3918,5,104),
	(1,1,2098,5,44),
	(1,1,944,6,47),
	(1,1,3374,8,70),
	(1,1,345,6,7),
	(1,1,2587,5,74),
	(1,1,764,7,86),
	(1,1,2246,1,62),
	(1,1,1378,3,31),
	(1,1,214,8,87),
	(1,1,3307,5,52),
	(1,1,2150,5,67),
	(1,1,2917,4,94),
	(1,1,1664,7,105),
	(1,1,80,1,84),
	(1,1,3432,2,12),
	(1,1,4084,7,46),
	(1,1,2083,1,108),
	(1,1,433,8,93),
	(1,1,2447,6,83),
	(1,1,2860,6,75),
	(1,1,189,1,113),
	(1,1,1168,5,83),
	(1,1,1064,3,14),
	(1,1,838,4,9),
	(1,1,63,7,103),
	(1,1,1810,8,40),
	(1,1,3628,2,122),
	(1,1,3571,7,99),
	(1,1,268,4,29),
	(1,1,3124,8,6),
	(1,1,2049,5,106),
	(1,1,2569,1,73),
	(1,1,711,1,1),
	(1,1,2926,6,45),
	(1,1,199,9,95),
	(1,1,1012,7,118),
	(1,1,1043,1,27),
	(1,1,3384,4,9),
	(1,1,1648,5,98),
	(1,1,2537,5,124),
	(1,1,2832,6,62),
	(1,1,1648,8,105),
	(1,1,3294,1,11),
	(1,1,2081,2,18),
	(1,1,939,6,59),
	(1,1,3133,5,89),
	(1,1,2741,3,95),
	(1,1,3360,6,86),
	(1,1,3326,1,70),
	(1,1,3837,2,77),
	(1,1,3097,6,115),
	(1,1,175,7,48),
	(1,1,3981,3,87),
	(1,1,1198,1,34),
	(1,1,4172,5,48),
	(1,1,3575,1,118),
	(1,1,1930,1,45),
	(1,1,3300,8,26),
	(1,1,728,8,94),
	(1,1,2718,7,65),
	(1,1,3840,4,106),
	(1,1,2378,7,46),
	(1,1,1738,3,9),
	(1,1,3026,8,11),
	(1,1,2952,9,83),
	(1,1,2431,1,50),
	(1,1,2773,3,119),
	(1,1,768,8,89),
	(1,1,2183,4,96),
	(1,1,2399,3,106),
	(1,1,2816,8,102),
	(1,1,2148,6,87),
	(1,1,181,6,21),
	(1,1,3313,2,117),
	(1,1,1513,3,78),
	(1,1,1985,3,67),
	(1,1,547,9,65),
	(1,1,3130,5,97),
	(1,1,2421,9,105),
	(1,1,133,9,41),
	(1,1,3923,4,119),
	(1,1,3330,9,14),
	(1,1,2776,2,7),
	(1,1,1431,6,124),
	(1,1,3729,9,94),
	(1,1,872,9,105),
	(1,1,1533,6,79),
	(1,1,3051,6,51),
	(1,1,2987,8,74),
	(1,1,1899,6,83),
	(1,1,3960,6,113),
	(1,1,3032,8,52),
	(1,1,3959,6,48),
	(1,1,3989,4,17),
	(1,1,1939,1,52),
	(1,1,3877,3,45),
	(1,1,25,9,69),
	(1,1,3550,3,22),
	(1,1,4057,5,59),
	(1,1,3322,3,36),
	(1,1,269,2,95),
	(1,1,1113,2,112),
	(1,1,1954,4,114),
	(1,1,1380,3,78),
	(1,1,3390,8,50),
	(1,1,4017,6,12),
	(1,1,220,3,116),
	(1,1,2040,9,124),
	(1,1,224,1,98),
	(1,1,337,8,58),
	(1,1,821,4,118),
	(1,1,3148,4,22),
	(1,1,2628,6,14),
	(1,1,2709,8,95),
	(1,1,3373,4,30),
	(1,1,4192,3,35),
	(1,1,1527,9,54),
	(1,1,3239,5,17),
	(1,1,1214,9,94),
	(1,1,1323,9,10),
	(1,1,1640,5,15),
	(1,1,502,7,43),
	(1,1,3934,5,105),
	(1,1,755,8,103),
	(1,1,1737,1,104),
	(1,1,193,3,119),
	(1,1,2128,2,93),
	(1,1,1971,6,22),
	(1,1,2288,2,51),
	(1,1,317,8,119),
	(1,1,1854,4,91),
	(1,1,671,4,115),
	(1,1,1331,4,16),
	(1,1,3153,4,1),
	(1,1,3777,3,20),
	(1,1,2375,4,35),
	(1,1,674,1,64),
	(1,1,2375,5,88),
	(1,1,445,5,100),
	(1,1,1620,7,102),
	(1,1,4148,7,96),
	(1,1,4098,3,113),
	(1,1,815,7,10),
	(1,1,3684,9,53),
	(1,1,2796,9,85),
	(1,1,3969,5,8),
	(1,1,2141,6,3),
	(1,1,1424,1,108),
	(1,1,588,6,94),
	(1,1,3386,8,80),
	(1,1,3594,9,67),
	(1,1,3390,2,82),
	(1,1,3174,3,2),
	(1,1,425,8,108),
	(1,1,149,6,108),
	(1,1,3520,6,95),
	(1,1,486,6,75),
	(1,1,2303,5,60),
	(1,1,1174,4,34),
	(1,1,1805,8,55),
	(1,1,1581,5,127),
	(1,1,1358,6,55),
	(1,1,3937,5,57),
	(1,1,1526,1,32),
	(1,1,1231,7,95),
	(1,1,746,1,74),
	(1,1,2072,9,92),
	(1,1,3873,1,125),
	(1,1,4090,5,76),
	(1,1,694,1,66),
	(1,1,2469,9,7),
	(1,1,1874,3,19),
	(1,1,1699,5,1),
	(1,1,3767,3,16),
	(1,1,2962,8,47),
	(1,1,4119,3,14),
	(1,1,3801,2,69),
	(1,1,2347,9,41),
	(1,1,1815,1,53),
	(1,1,1078,6,9),
	(1,1,4029,6,108),
	(1,1,3303,1,93),
	(1,1,922,1,79),
	(1,1,232,7,54),
	(1,1,1996,7,121),
	(1,1,3097,7,90),
	(1,1,3652,1,30),
	(1,1,18,4,34),
	(1,1,4186,1,14),
	(1,1,3691,1,100),
	(1,1,2877,9,5),
	(1,1,1479,5,41),
	(1,1,2716,2,125),
	(1,1,622,6,82),
	(1,1,150,5,83),
	(1,1,2426,3,121),
	(1,1,816,9,76),
	(1,1,3604,4,93),
	(1,1,2465,1,16),
	(1,1,4196,3,19),
	(1,1,3148,8,107),
	(1,1,1668,7,6),
	(1,1,4113,5,25),
	(1,1,3323,4,106),
	(1,1,150,4,97),
	(1,1,1151,9,98),
	(1,1,2519,3,87),
	(1,1,2678,7,10),
	(1,1,4179,4,126),
	(1,1,3360,5,126),
	(1,1,3388,5,41),
	(1,1,1352,2,44),
	(1,1,1505,2,111),
	(1,1,3122,7,84),
	(1,1,4024,5,45),
	(1,1,761,9,107),
	(1,1,1220,8,64),
	(1,1,4158,8,108),
	(1,1,2816,6,51),
	(1,1,1951,3,25),
	(1,1,2409,3,11),
	(1,1,2178,1,75),
	(1,1,3334,8,54),
	(1,1,1055,2,63),
	(1,1,3058,2,74),
	(1,1,1594,9,41),
	(1,1,689,8,16),
	(1,1,1414,3,43),
	(1,1,1213,5,77),
	(1,1,1051,5,71),
	(1,1,2290,3,95),
	(1,1,3583,9,78),
	(1,1,2039,3,43),
	(1,1,104,4,92),
	(1,1,1018,5,69),
	(1,1,2328,2,35),
	(1,1,3550,5,61),
	(1,1,1831,4,61),
	(1,1,1472,2,67),
	(1,1,2109,3,114),
	(1,1,656,9,66),
	(1,1,1610,2,110),
	(1,1,1227,4,104),
	(1,1,838,5,20),
	(1,1,2578,7,71),
	(1,1,1341,2,69),
	(1,1,1702,8,98),
	(1,1,921,1,1),
	(1,1,843,2,34),
	(1,1,1936,2,20),
	(1,1,193,1,91),
	(1,1,3612,1,38),
	(1,1,1349,1,102),
	(1,1,1107,8,5),
	(1,1,444,3,15),
	(1,1,3791,6,32),
	(1,1,1564,1,19),
	(1,1,1789,7,102),
	(1,1,10,5,30),
	(1,1,2569,9,54),
	(1,1,313,8,11),
	(1,1,938,4,49),
	(1,1,746,3,2),
	(1,1,2740,4,43),
	(1,1,2632,9,26),
	(1,1,894,2,114),
	(1,1,1591,2,100),
	(1,1,271,3,6),
	(1,1,227,2,21),
	(1,1,3756,3,46),
	(1,1,2959,6,41),
	(1,1,3450,7,49),
	(1,1,2035,7,59),
	(1,1,2599,9,20),
	(1,1,1984,2,84),
	(1,1,172,4,107),
	(1,1,1098,8,51),
	(1,1,696,1,54),
	(1,1,1721,5,36),
	(1,1,935,4,95),
	(1,1,3708,8,117),
	(1,1,1287,4,95),
	(1,1,2533,2,7),
	(1,1,2537,6,87),
	(1,1,913,9,105),
	(1,1,1416,3,109),
	(1,1,1320,1,45),
	(1,1,1908,5,32),
	(1,1,2301,9,88),
	(1,1,2618,9,112),
	(1,1,3324,3,7),
	(1,1,3312,9,40),
	(1,1,3559,5,60),
	(1,1,3749,2,91),
	(1,1,4184,8,27),
	(1,1,303,3,67),
	(1,1,3402,3,83),
	(1,1,1107,1,103),
	(1,1,1191,8,84),
	(1,1,2526,6,52),
	(1,1,2579,6,125),
	(1,1,4126,3,7),
	(1,1,2305,6,46),
	(1,1,4141,6,73),
	(1,1,1740,1,36),
	(1,1,1742,6,24),
	(1,1,3834,5,42),
	(1,1,899,8,4),
	(1,1,620,4,73),
	(1,1,2405,6,43),
	(1,1,1251,7,102),
	(1,1,1841,7,108),
	(1,1,1564,9,30),
	(1,1,1967,6,38),
	(1,1,1607,7,94),
	(1,1,2511,5,121),
	(1,1,513,1,93),
	(1,1,1087,3,67),
	(1,1,3444,7,115),
	(1,1,4070,1,24),
	(1,1,76,2,99),
	(1,1,2991,5,28),
	(1,1,409,2,70),
	(1,1,2231,8,113),
	(1,1,1312,2,101),
	(1,1,1958,8,71),
	(1,1,1988,4,93),
	(1,1,3905,7,79),
	(1,1,54,9,86),
	(1,1,851,8,32),
	(1,1,2504,4,81),
	(1,1,4118,3,93),
	(1,1,3802,5,40),
	(1,1,1871,3,97),
	(1,1,1227,1,94),
	(1,1,3196,4,8),
	(1,1,1481,2,75),
	(1,1,2838,2,18),
	(1,1,546,2,98),
	(1,1,4157,5,16),
	(1,1,915,1,71),
	(1,1,1385,3,5),
	(1,1,1051,1,23),
	(1,1,135,9,106),
	(1,1,609,2,99),
	(1,1,3882,7,41),
	(1,1,2774,1,68),
	(1,1,2229,6,64),
	(1,1,1074,4,92),
	(1,1,3733,7,99),
	(1,1,399,4,68),
	(1,1,3088,3,60),
	(1,1,1055,6,126),
	(1,1,100,7,26),
	(1,1,841,9,6),
	(1,1,544,8,79),
	(1,1,1596,9,75),
	(1,1,545,4,70),
	(1,1,904,4,1),
	(1,1,2022,2,36),
	(1,1,404,6,81),
	(1,1,780,6,44),
	(1,1,3447,7,6),
	(1,1,411,2,18),
	(1,1,2603,3,117),
	(1,1,1036,1,27),
	(1,1,2975,7,102),
	(1,1,1296,1,62),
	(1,1,2062,9,58),
	(1,1,4081,9,68),
	(1,1,2969,1,126),
	(1,1,3546,6,37),
	(1,1,2496,4,39),
	(1,1,648,5,109),
	(1,1,179,4,19),
	(1,1,2725,6,11),
	(1,1,785,8,64),
	(1,1,1061,3,19),
	(1,1,1938,4,31),
	(1,1,1527,2,13),
	(1,1,1505,3,31),
	(1,1,4185,9,98),
	(1,1,1370,2,14),
	(1,1,2303,6,24),
	(1,1,4008,2,8),
	(1,1,1428,9,46),
	(1,1,32,3,39),
	(1,1,1600,6,119),
	(1,1,147,7,119),
	(1,1,4157,2,9),
	(1,1,2457,8,19),
	(1,1,3894,6,104),
	(1,1,2781,6,66),
	(1,1,1281,7,53);


INSERT INTO OrderDetail (order_id, shop_id, product_id, supplier_id, qty) 
VALUES
	(1,1,475,5,70),
	(1,1,3751,6,96),
	(1,1,136,7,69),
	(1,1,483,2,82),
	(1,1,654,6,2),
	(1,1,1980,4,94),
	(1,1,3871,4,84),
	(1,1,3579,7,66),
	(1,1,1005,9,95),
	(1,1,337,2,42),
	(1,1,3826,5,41),
	(1,1,2857,3,6),
	(1,1,3733,1,115),
	(1,1,2236,6,55),
	(1,1,988,1,89),
	(1,1,1115,7,19),
	(1,1,3774,3,45),
	(1,1,4143,3,107),
	(1,1,2888,2,123),
	(1,1,3521,7,92),
	(1,1,1351,6,47),
	(1,1,790,9,28),
	(1,1,4060,5,65),
	(1,1,3618,2,90),
	(1,1,2205,5,21),
	(1,1,2364,4,112),
	(1,1,2997,5,27),
	(1,1,2693,6,103),
	(1,1,3947,5,101),
	(1,1,2621,2,13),
	(1,1,910,3,75),
	(1,1,282,3,38),
	(1,1,3871,7,17),
	(1,1,2434,6,52),
	(1,1,541,3,122),
	(1,1,1356,4,55),
	(1,1,813,3,68),
	(1,1,905,2,110),
	(1,1,2198,1,14),
	(1,1,1852,4,70),
	(1,1,349,2,82),
	(1,1,735,1,103),
	(1,1,365,9,70),
	(1,1,1503,5,36),
	(1,1,2716,9,69),
	(1,1,1284,9,78),
	(1,1,2969,3,80),
	(1,1,1585,3,3),
	(1,1,844,6,97),
	(1,1,126,4,48),
	(1,1,1116,6,91),
	(1,1,4047,1,16),
	(1,1,1467,4,44),
	(1,1,4172,2,119),
	(1,1,3718,7,120),
	(1,1,1501,5,96),
	(1,1,566,9,51),
	(1,1,162,1,17),
	(1,1,1749,6,97),
	(1,1,3695,5,62),
	(1,1,1756,8,81),
	(1,1,2434,8,124),
	(1,1,3942,8,106),
	(1,1,412,2,79),
	(1,1,1736,3,72),
	(1,1,1791,1,64),
	(1,1,684,4,62),
	(1,1,1161,9,79),
	(1,1,987,8,107),
	(1,1,1537,8,46),
	(1,1,1819,1,30),
	(1,1,2370,3,14),
	(1,1,835,9,109),
	(1,1,4191,7,93),
	(1,1,3634,8,109),
	(1,1,4177,3,81),
	(1,1,3461,4,61),
	(1,1,1057,6,75),
	(1,1,219,8,95),
	(1,1,1371,8,32),
	(1,1,1085,2,39),
	(1,1,1518,4,4),
	(1,1,2319,7,118),
	(1,1,1760,4,40),
	(1,1,1407,4,18),
	(1,1,1773,2,92),
	(1,1,2528,9,59),
	(1,1,1394,4,50),
	(1,1,1118,3,80),
	(1,1,1234,8,36),
	(1,1,1884,8,60),
	(1,1,3300,4,107),
	(1,1,1707,7,77),
	(1,1,387,5,115),
	(1,1,1832,1,25),
	(1,1,2889,4,46),
	(1,1,55,3,97),
	(1,1,1880,6,103),
	(1,1,3883,3,107),
	(1,1,2020,1,32),
	(1,1,2762,9,37),
	(1,1,4113,6,111),
	(1,1,2848,9,55),
	(1,1,1543,3,19),
	(1,1,3874,5,27),
	(1,1,1884,2,42),
	(1,1,3331,3,19),
	(1,1,1164,4,103),
	(1,1,1611,7,58),
	(1,1,1169,9,109),
	(1,1,957,2,52),
	(1,1,253,2,15),
	(1,1,3719,4,47),
	(1,1,1149,6,104),
	(1,1,2613,7,38),
	(1,1,2348,8,107),
	(1,1,3634,4,100),
	(1,1,2588,4,84),
	(1,1,886,3,112),
	(1,1,224,3,56),
	(1,1,1000,2,63),
	(1,1,2914,6,111),
	(1,1,2936,6,112),
	(1,1,2283,1,61),
	(1,1,2644,4,26),
	(1,1,2104,2,84),
	(1,1,3222,9,7),
	(1,1,1163,8,49),
	(1,1,3884,3,68),
	(1,1,1915,3,77),
	(1,1,2181,1,2),
	(1,1,1250,7,3),
	(1,1,167,7,49),
	(1,1,32,5,84),
	(1,1,1166,8,57),
	(1,1,2362,7,114),
	(1,1,2686,5,49),
	(1,1,2507,3,111),
	(1,1,1699,3,105),
	(1,1,1100,4,47),
	(1,1,2791,7,40),
	(1,1,3744,6,86),
	(1,1,517,8,94),
	(1,1,1507,2,103),
	(1,1,1880,3,103),
	(1,1,713,6,110),
	(1,1,1840,6,111),
	(1,1,347,6,24),
	(1,1,1262,2,98),
	(1,1,1568,1,8),
	(1,1,1101,1,55),
	(1,1,1279,1,80),
	(1,1,1398,3,127),
	(1,1,971,6,85),
	(1,1,4169,3,3),
	(1,1,2993,8,7),
	(1,1,4165,1,125),
	(1,1,1632,9,75),
	(1,1,1454,3,38),
	(1,1,1443,9,31),
	(1,1,2950,2,79),
	(1,1,109,1,112),
	(1,1,3721,1,103),
	(1,1,893,8,67),
	(1,1,3001,8,1),
	(1,1,3421,3,115),
	(1,1,3624,4,19),
	(1,1,3987,6,27),
	(1,1,2823,8,21),
	(1,1,163,5,13),
	(1,1,3897,5,119),
	(1,1,971,5,48),
	(1,1,1843,9,43),
	(1,1,3294,7,56),
	(1,1,3944,8,72),
	(1,1,2440,6,66),
	(1,1,2254,6,49),
	(1,1,1803,1,37),
	(1,1,1491,2,26),
	(1,1,3489,7,24),
	(1,1,3686,5,115),
	(1,1,4162,2,12),
	(1,1,1857,7,19),
	(1,1,1644,3,87),
	(1,1,2458,9,113),
	(1,1,2269,1,1),
	(1,1,2550,4,89),
	(1,1,3337,4,89),
	(1,1,281,1,24),
	(1,1,1273,9,93),
	(1,1,1902,5,68),
	(1,1,741,1,11),
	(1,1,1491,1,57),
	(1,1,3156,9,103),
	(1,1,2887,1,113),
	(1,1,660,1,48),
	(1,1,3224,4,106),
	(1,1,1024,8,70),
	(1,1,3542,6,33),
	(1,1,508,7,93),
	(1,1,916,9,11),
	(1,1,3164,5,77),
	(1,1,3433,4,111),
	(1,1,2076,6,44),
	(1,1,2545,3,123),
	(1,1,1934,1,63),
	(1,1,397,8,53),
	(1,1,1306,7,62),
	(1,1,1556,2,17),
	(1,1,2251,9,125),
	(1,1,737,1,21),
	(1,1,3870,4,23),
	(1,1,2609,3,57),
	(1,1,2500,9,50),
	(1,1,215,4,102),
	(1,1,1021,1,112),
	(1,1,3692,3,11),
	(1,1,125,2,94),
	(1,1,544,4,64),
	(1,1,2658,9,113),
	(1,1,3495,6,52),
	(1,1,3677,4,51),
	(1,1,1653,8,30),
	(1,1,1731,2,113),
	(1,1,3031,2,15),
	(1,1,3144,4,18),
	(1,1,671,3,127),
	(1,1,3611,9,58),
	(1,1,1295,9,50),
	(1,1,3143,2,55),
	(1,1,3833,5,1),
	(1,1,2089,4,7),
	(1,1,2027,2,15),
	(1,1,1781,3,64),
	(1,1,162,7,71),
	(1,1,3652,6,103),
	(1,1,3096,6,56),
	(1,1,2083,8,74),
	(1,1,1095,9,117),
	(1,1,3932,6,9),
	(1,1,3435,3,40),
	(1,1,3732,2,112),
	(1,1,1283,9,115),
	(1,1,3901,6,21),
	(1,1,1895,9,16),
	(1,1,3734,1,55),
	(1,1,3608,7,62),
	(1,1,1961,4,104),
	(1,1,3665,7,69),
	(1,1,3288,7,94),
	(1,1,3950,9,93),
	(1,1,1489,2,64),
	(1,1,3068,1,89),
	(1,1,2327,1,118),
	(1,1,2580,8,99),
	(1,1,714,1,119),
	(1,1,1519,9,73),
	(1,1,111,8,125),
	(1,1,3073,3,115),
	(1,1,3874,3,8),
	(1,1,694,2,67),
	(1,1,1632,1,25),
	(1,1,2666,1,44),
	(1,1,2894,2,10),
	(1,1,545,5,115),
	(1,1,2624,3,41),
	(1,1,830,1,93),
	(1,1,697,9,62),
	(1,1,990,8,16),
	(1,1,4167,4,53),
	(1,1,1286,4,109),
	(1,1,320,1,59),
	(1,1,777,4,7),
	(1,1,1326,2,77),
	(1,1,3142,8,123),
	(1,1,3026,1,64),
	(1,1,888,5,51),
	(1,1,1861,3,58),
	(1,1,2436,4,27),
	(1,1,333,6,26),
	(1,1,2676,6,103),
	(1,1,2034,3,14),
	(1,1,2687,1,62),
	(1,1,4122,7,49),
	(1,1,1788,1,31),
	(1,1,1116,3,127),
	(1,1,3113,3,121),
	(1,1,3726,4,93),
	(1,1,1727,9,58),
	(1,1,4072,7,113),
	(1,1,2372,3,60),
	(1,1,1862,4,58),
	(1,1,2702,7,37),
	(1,1,1633,7,81),
	(1,1,3134,6,36),
	(1,1,2417,5,80),
	(1,1,3312,4,51),
	(1,1,4175,9,107),
	(1,1,688,3,120),
	(1,1,2455,7,48),
	(1,1,2080,1,26),
	(1,1,2620,2,79),
	(1,1,535,4,78),
	(1,1,1638,2,68),
	(1,1,3157,5,12),
	(1,1,1928,2,27),
	(1,1,3666,7,55),
	(1,1,4030,2,37),
	(1,1,745,1,114),
	(1,1,1709,1,117),
	(1,1,1471,2,31),
	(1,1,2101,5,43),
	(1,1,1717,3,2),
	(1,1,2233,6,24),
	(1,1,652,7,9),
	(1,1,1739,4,34),
	(1,1,3579,4,48),
	(1,1,2140,3,17),
	(1,1,1974,1,105),
	(1,1,792,1,123),
	(1,1,3088,6,86),
	(1,1,2687,8,53),
	(1,1,877,6,56),
	(1,1,2347,2,125),
	(1,1,3211,8,120),
	(1,1,2056,2,107),
	(1,1,3860,9,112),
	(1,1,1697,7,56),
	(1,1,790,7,119),
	(1,1,1327,1,125),
	(1,1,2619,1,80),
	(1,1,3954,2,87),
	(1,1,2627,1,121),
	(1,1,975,5,42),
	(1,1,2935,4,68),
	(1,1,2992,5,6),
	(1,1,3786,6,71),
	(1,1,1445,4,101),
	(1,1,3555,7,27),
	(1,1,3000,7,25),
	(1,1,2214,9,110),
	(1,1,1762,1,1),
	(1,1,3420,9,75),
	(1,1,3347,3,109),
	(1,1,103,6,83),
	(1,1,2728,1,99),
	(1,1,1878,5,104),
	(1,1,3266,9,81),
	(1,1,1767,7,56),
	(1,1,18,1,66),
	(1,1,677,7,68),
	(1,1,2887,5,118),
	(1,1,2394,3,35),
	(1,1,1071,1,6),
	(1,1,549,6,80),
	(1,1,2790,2,41),
	(1,1,1202,1,63),
	(1,1,2739,7,5),
	(1,1,192,1,125),
	(1,1,853,4,34),
	(1,1,3487,5,49),
	(1,1,3414,8,26),
	(1,1,3617,4,41),
	(1,1,817,7,95),
	(1,1,4032,1,14),
	(1,1,202,2,119),
	(1,1,1324,8,7),
	(1,1,2824,1,32),
	(1,1,2587,3,110),
	(1,1,1404,9,91),
	(1,1,1901,8,102),
	(1,1,3998,1,114),
	(1,1,3479,4,73),
	(1,1,2690,3,107),
	(1,1,2514,8,126),
	(1,1,1066,4,65),
	(1,1,2817,8,89),
	(1,1,1615,4,82),
	(1,1,1567,8,106),
	(1,1,1638,9,91),
	(1,1,82,4,10),
	(1,1,453,2,117),
	(1,1,1171,8,11),
	(1,1,1048,3,74),
	(1,1,375,3,7),
	(1,1,1711,2,66),
	(1,1,242,3,81),
	(1,1,2286,3,23),
	(1,1,1543,8,103),
	(1,1,459,9,64),
	(1,1,2174,1,71),
	(1,1,3790,5,89),
	(1,1,3740,3,95),
	(1,1,2982,3,31),
	(1,1,67,1,26),
	(1,1,1060,2,68),
	(1,1,979,6,87),
	(1,1,4055,3,31),
	(1,1,2249,9,20),
	(1,1,2274,4,74),
	(1,1,2322,8,2),
	(1,1,53,7,5),
	(1,1,1794,9,2),
	(1,1,2345,9,118),
	(1,1,647,9,6),
	(1,1,3684,5,85),
	(1,1,2448,1,115),
	(1,1,3560,7,14),
	(1,1,2964,9,106),
	(1,1,1745,7,105),
	(1,1,2401,5,9),
	(1,1,3868,4,31),
	(1,1,653,1,124),
	(1,1,3866,6,50),
	(1,1,2438,9,95),
	(1,1,3882,9,26),
	(1,1,3851,5,80),
	(1,1,1397,6,17),
	(1,1,2633,2,114),
	(1,1,316,5,103),
	(1,1,2008,8,42),
	(1,1,1383,5,52),
	(1,1,2375,9,21),
	(1,1,3046,5,94),
	(1,1,1784,4,85),
	(1,1,667,1,33),
	(1,1,1448,8,90),
	(1,1,3465,1,73),
	(1,1,537,2,66),
	(1,1,1166,4,51),
	(1,1,2057,4,74),
	(1,1,349,5,99),
	(1,1,2142,8,78),
	(1,1,2320,6,90),
	(1,1,956,2,98),
	(1,1,3623,5,105),
	(1,1,613,8,8),
	(1,1,3595,8,92),
	(1,1,3092,7,23),
	(1,1,2508,9,67),
	(1,1,4101,4,109),
	(1,1,1017,9,124),
	(1,1,3967,8,2),
	(1,1,3896,1,120),
	(1,1,1523,8,13),
	(1,1,2933,6,16),
	(1,1,418,8,43),
	(1,1,2307,7,25),
	(1,1,3411,5,85),
	(1,1,1656,8,72),
	(1,1,3988,7,122),
	(1,1,2778,6,83),
	(1,1,3439,3,111),
	(1,1,580,5,24),
	(1,1,2179,9,81),
	(1,1,100,4,78),
	(1,1,467,6,28),
	(1,1,3480,6,43),
	(1,1,3609,4,53),
	(1,1,2370,6,89),
	(1,1,1877,5,38),
	(1,1,1898,1,26),
	(1,1,710,8,69),
	(1,1,2825,1,88),
	(1,1,2909,3,76),
	(1,1,2593,6,52),
	(1,1,2768,4,10),
	(1,1,392,4,53),
	(1,1,1901,6,89),
	(1,1,2040,8,63),
	(1,1,1965,2,3),
	(1,1,3237,1,18),
	(1,1,766,3,36),
	(1,1,2994,6,49),
	(1,1,1482,6,78),
	(1,1,3620,9,124),
	(1,1,4082,8,22),
	(1,1,3698,5,56),
	(1,1,833,1,98),
	(1,1,1835,8,65),
	(1,1,3959,8,115),
	(1,1,2195,9,29),
	(1,1,3807,2,77),
	(1,1,1745,4,39),
	(1,1,3625,6,4),
	(1,1,3224,6,121),
	(1,1,3576,1,109),
	(1,1,2352,7,11),
	(1,1,2504,1,51),
	(1,1,676,7,61),
	(1,1,2529,5,83),
	(1,1,545,2,115),
	(1,1,4151,3,49),
	(1,1,1275,2,107),
	(1,1,1830,1,30),
	(1,1,3167,1,20),
	(1,1,931,2,61),
	(1,1,297,1,82),
	(1,1,20,1,118),
	(1,1,1048,9,61),
	(1,1,144,5,35),
	(1,1,4018,4,92),
	(1,1,4145,3,39),
	(1,1,6,7,62),
	(1,1,2696,1,95),
	(1,1,3666,3,118),
	(1,1,2503,2,43),
	(1,1,2428,7,96),
	(1,1,3902,4,98),
	(1,1,2350,3,114),
	(1,1,1141,8,43),
	(1,1,3010,9,71),
	(1,1,3881,4,35),
	(1,1,2340,3,82),
	(1,1,1059,2,29),
	(1,1,1444,7,27),
	(1,1,1341,3,111),
	(1,1,743,4,15),
	(1,1,3521,2,75),
	(1,1,3228,6,51),
	(1,1,1682,6,100),
	(1,1,1757,9,122),
	(1,1,2251,1,101),
	(1,1,1308,3,99),
	(1,1,75,4,1),
	(1,1,2270,5,113),
	(1,1,2204,9,49),
	(1,1,527,3,28),
	(1,1,2378,5,8),
	(1,1,3082,8,16),
	(1,1,3671,5,74),
	(1,1,3186,4,49),
	(1,1,2156,1,59),
	(1,1,2369,6,14),
	(1,1,204,5,77),
	(1,1,2982,1,26),
	(1,1,666,3,66),
	(1,1,2371,3,61),
	(1,1,3007,5,44),
	(1,1,51,7,47),
	(1,1,3100,6,96),
	(1,1,1999,3,116),
	(1,1,3064,9,22),
	(1,1,3364,5,67),
	(1,1,1670,7,104),
	(1,1,1301,3,26),
	(1,1,874,8,84),
	(1,1,1561,1,66),
	(1,1,3448,5,89),
	(1,1,3070,9,81),
	(1,1,3706,9,112),
	(1,1,2087,9,48),
	(1,1,2141,9,81),
	(1,1,3114,1,88),
	(1,1,2747,5,86),
	(1,1,3574,3,106),
	(1,1,840,4,55),
	(1,1,1332,4,39),
	(1,1,2651,8,111),
	(1,1,1082,1,31),
	(1,1,2749,7,61),
	(1,1,3948,8,76),
	(1,1,824,8,49),
	(1,1,744,4,17),
	(1,1,694,5,9),
	(1,1,1959,1,112),
	(1,1,3615,2,51),
	(1,1,875,4,58),
	(1,1,3536,7,20),
	(1,1,979,4,3),
	(1,1,3886,8,64),
	(1,1,2327,6,71),
	(1,1,2582,3,86),
	(1,1,3812,1,76),
	(1,1,3274,9,51),
	(1,1,3631,1,50),
	(1,1,2265,8,41),
	(1,1,3268,1,13),
	(1,1,3402,9,57),
	(1,1,3908,2,72),
	(1,1,3800,6,113),
	(1,1,3216,9,120),
	(1,1,4132,5,72),
	(1,1,3215,1,24),
	(1,1,1208,4,35),
	(1,1,84,9,71),
	(1,1,3179,6,45),
	(1,1,979,2,61),
	(1,1,3871,5,10),
	(1,1,3134,4,81),
	(1,1,2526,5,3),
	(1,1,2997,9,27),
	(1,1,952,7,94),
	(1,1,3522,8,88),
	(1,1,3601,2,76),
	(1,1,3642,5,90),
	(1,1,2724,4,49),
	(1,1,600,9,25),
	(1,1,3399,7,51),
	(1,1,2788,8,35),
	(1,1,3322,9,123),
	(1,1,2773,4,51),
	(1,1,62,2,111),
	(1,1,2298,6,63),
	(1,1,3940,5,27),
	(1,1,2802,7,51),
	(1,1,181,4,48),
	(1,1,3611,6,49),
	(1,1,1208,6,43),
	(1,1,2950,3,47),
	(1,1,3682,3,8),
	(1,1,96,7,33),
	(1,1,2951,6,74),
	(1,1,976,1,48),
	(1,1,696,3,83),
	(1,1,986,4,106),
	(1,1,1663,3,58),
	(1,1,3426,7,125),
	(1,1,1946,1,88),
	(1,1,470,1,94),
	(1,1,3991,6,78),
	(1,1,1601,4,76),
	(1,1,2761,9,11),
	(1,1,1283,5,24),
	(1,1,2207,1,74),
	(1,1,2226,5,102),
	(1,1,37,2,76),
	(1,1,1372,7,26),
	(1,1,3558,8,59),
	(1,1,717,9,126),
	(1,1,1464,8,65),
	(1,1,3039,8,84),
	(1,1,2051,9,6),
	(1,1,2790,5,43),
	(1,1,4100,2,26),
	(1,1,4138,6,9),
	(1,1,2605,8,2),
	(1,1,460,6,117),
	(1,1,642,6,116),
	(1,1,1096,8,16),
	(1,1,934,8,58),
	(1,1,1420,5,125),
	(1,1,1919,8,96),
	(1,1,78,9,24),
	(1,1,3446,1,90),
	(1,1,3450,9,5),
	(1,1,735,9,116),
	(1,1,30,2,96),
	(1,1,1759,3,43),
	(1,1,1921,4,54),
	(1,1,3753,7,29),
	(1,1,3893,8,55),
	(1,1,658,8,4),
	(1,1,2136,8,49),
	(1,1,518,4,67),
	(1,1,4116,1,7),
	(1,1,948,8,109),
	(1,1,898,8,84),
	(1,1,1056,3,39),
	(1,1,3556,8,98),
	(1,1,4056,5,99),
	(1,1,2189,5,114),
	(1,1,3270,1,99),
	(1,1,2950,4,99),
	(1,1,187,1,7),
	(1,1,3992,4,13),
	(1,1,1615,8,85),
	(1,1,701,4,41),
	(1,1,2068,6,26),
	(1,1,2711,1,71),
	(1,1,2755,4,44),
	(1,1,436,6,105),
	(1,1,4091,2,82),
	(1,1,1890,7,2),
	(1,1,3904,3,2),
	(1,1,1202,2,25),
	(1,1,1674,3,116),
	(1,1,2129,1,87),
	(1,1,3550,1,37),
	(1,1,4039,8,79),
	(1,1,754,8,47),
	(1,1,4107,8,41),
	(1,1,533,4,62),
	(1,1,2700,8,52),
	(1,1,728,5,58),
	(1,1,2281,3,57),
	(1,1,2676,9,85),
	(1,1,2019,6,98),
	(1,1,1094,6,110),
	(1,1,2025,9,77),
	(1,1,1132,8,91),
	(1,1,3368,4,123),
	(1,1,2995,3,123),
	(1,1,574,5,124),
	(1,1,2993,9,48),
	(1,1,822,6,114),
	(1,1,2179,8,22),
	(1,1,97,3,28),
	(1,1,1826,7,109),
	(1,1,1405,5,82),
	(1,1,3622,8,50),
	(1,1,3006,7,25),
	(1,1,383,2,99),
	(1,1,2295,5,70),
	(1,1,195,9,108),
	(1,1,3578,4,100),
	(1,1,2918,7,90),
	(1,1,1706,6,19),
	(1,1,4037,9,51),
	(1,1,3118,2,33),
	(1,1,2536,3,110),
	(1,1,1687,3,30),
	(1,1,3475,1,89),
	(1,1,2416,1,62),
	(1,1,2316,4,2),
	(1,1,614,7,86),
	(1,1,152,4,57),
	(1,1,2242,1,85),
	(1,1,886,7,42),
	(1,1,1286,5,31),
	(1,1,1260,5,84),
	(1,1,1234,7,79),
	(1,1,2840,8,29),
	(1,1,75,8,26),
	(1,1,4109,8,51),
	(1,1,600,3,49),
	(1,1,965,1,65),
	(1,1,2630,1,108),
	(1,1,2821,4,45),
	(1,1,1191,6,89),
	(1,1,172,6,48),
	(1,1,1687,5,40),
	(1,1,2002,4,95),
	(1,1,2250,7,63),
	(1,1,2555,9,77),
	(1,1,3213,3,70),
	(1,1,4061,7,78),
	(1,1,1099,3,121),
	(1,1,1717,8,30),
	(1,1,3830,6,126),
	(1,1,3469,9,101),
	(1,1,2739,3,1),
	(1,1,1130,2,26),
	(1,1,2456,6,33),
	(1,1,1210,8,16),
	(1,1,3480,4,68),
	(1,1,3797,1,67),
	(1,1,1778,5,56),
	(1,1,1783,4,42),
	(1,1,2694,8,27),
	(1,1,2000,5,91),
	(1,1,3243,6,114),
	(1,1,3862,8,35),
	(1,1,1757,2,68),
	(1,1,890,5,39),
	(1,1,805,1,98),
	(1,1,3284,4,117),
	(1,1,3625,3,44),
	(1,1,1248,3,127),
	(1,1,3524,4,123),
	(1,1,4187,1,15),
	(1,1,2869,5,100),
	(1,1,2517,1,95),
	(1,1,997,2,25),
	(1,1,3718,6,25),
	(1,1,30,6,52),
	(1,1,4072,4,50),
	(1,1,1765,6,99),
	(1,1,4041,6,21),
	(1,1,2639,7,63),
	(1,1,1903,8,126),
	(1,1,1734,5,50),
	(1,1,30,3,52),
	(1,1,3388,7,68),
	(1,1,1818,5,111),
	(1,1,3979,5,46),
	(1,1,3940,7,3),
	(1,1,4026,2,52),
	(1,1,1301,9,97),
	(1,1,100,2,76),
	(1,1,2370,7,48),
	(1,1,711,5,116),
	(1,1,1658,2,96),
	(1,1,3846,4,29),
	(1,1,2301,1,54),
	(1,1,811,1,76),
	(1,1,834,6,74),
	(1,1,3124,4,10),
	(1,1,1162,9,38),
	(1,1,303,8,86),
	(1,1,1863,8,17),
	(1,1,924,1,99),
	(1,1,3528,2,72),
	(1,1,1284,5,7),
	(1,1,2456,3,18),
	(1,1,1700,4,37),
	(1,1,364,3,58),
	(1,1,946,6,126),
	(1,1,499,5,92),
	(1,1,2586,4,70),
	(1,1,1746,3,21),
	(1,1,1748,6,56),
	(1,1,143,9,40),
	(1,1,1096,5,9),
	(1,1,3200,4,68),
	(1,1,1373,7,83),
	(1,1,1849,3,98),
	(1,1,3983,4,75),
	(1,1,1875,6,61),
	(1,1,2854,5,75),
	(1,1,1132,2,77),
	(1,1,2381,1,52),
	(1,1,2368,2,72),
	(1,1,2663,4,3),
	(1,1,4130,8,61),
	(1,1,3966,5,118),
	(1,1,2823,4,57),
	(1,1,824,2,116),
	(1,1,3694,4,20),
	(1,1,549,1,75),
	(1,1,3430,4,114),
	(1,1,221,9,48),
	(1,1,617,5,81),
	(1,1,2660,6,65),
	(1,1,3107,2,6),
	(1,1,2988,2,68),
	(1,1,3469,6,80),
	(1,1,110,6,101),
	(1,1,249,1,42),
	(1,1,450,4,52),
	(1,1,976,7,127),
	(1,1,1130,8,57),
	(1,1,2445,7,4),
	(1,1,1304,4,30),
	(1,1,1593,5,90),
	(1,1,4185,6,94),
	(1,1,1609,3,89),
	(1,1,780,1,82),
	(1,1,3107,9,111),
	(1,1,3858,2,89),
	(1,1,2709,6,1),
	(1,1,2865,8,102),
	(1,1,1464,6,104),
	(1,1,860,8,122),
	(1,1,444,2,15),
	(1,1,3734,8,81),
	(1,1,1,3,1),
	(1,1,2835,7,23),
	(1,1,3551,8,96),
	(1,1,2865,2,26),
	(1,1,640,5,65),
	(1,1,3132,1,37),
	(1,1,1566,8,75),
	(1,1,2890,1,67),
	(1,1,3775,9,127),
	(1,1,170,4,99),
	(1,1,1182,7,74),
	(1,1,1941,6,16),
	(1,1,3984,5,115),
	(1,1,378,6,89),
	(1,1,373,1,54),
	(1,1,3226,4,17),
	(1,1,7,6,118),
	(1,1,567,3,84),
	(1,1,801,6,31),
	(1,1,2488,3,73),
	(1,1,2002,6,80),
	(1,1,3224,9,81),
	(1,1,1633,4,101),
	(1,1,1850,6,115),
	(1,1,1002,5,89),
	(1,1,510,9,24),
	(1,1,3314,1,106),
	(1,1,3216,2,46),
	(1,1,2001,3,83),
	(1,1,3118,4,81),
	(1,1,1207,1,117),
	(1,1,2719,5,44),
	(1,1,2279,8,84),
	(1,1,1985,9,53),
	(1,1,1157,3,39),
	(1,1,3098,9,33),
	(1,1,3707,1,101),
	(1,1,2189,8,34),
	(1,1,3168,4,40),
	(1,1,195,4,78),
	(1,1,1914,3,86),
	(1,1,3973,7,44),
	(1,1,1781,4,25),
	(1,1,500,6,113),
	(1,1,2008,1,120),
	(1,1,51,3,110),
	(1,1,4001,9,41),
	(1,1,1987,7,73),
	(1,1,2992,3,111),
	(1,1,725,3,113);


INSERT INTO OrderDetail (order_id, shop_id, product_id, supplier_id, qty) 
VALUES
	(1,1,3758,9,15),
	(1,1,369,7,33),
	(1,1,675,7,19),
	(1,1,3158,7,42),
	(1,1,779,9,88),
	(1,1,1935,6,50),
	(1,1,4005,3,57),
	(1,1,2600,9,52),
	(1,1,3699,9,103),
	(1,1,3543,5,1),
	(1,1,1068,8,92),
	(1,1,2119,4,9),
	(1,1,3334,4,30),
	(1,1,173,7,92),
	(1,1,1483,6,99),
	(1,1,1294,1,115),
	(1,1,1468,8,6),
	(1,1,930,2,74),
	(1,1,2976,7,81),
	(1,1,1705,9,49),
	(1,1,1151,7,78),
	(1,1,2214,2,78),
	(1,1,1482,1,3),
	(1,1,1950,7,41),
	(1,1,1011,3,69),
	(1,1,236,8,115),
	(1,1,1083,6,112),
	(1,1,2145,6,63),
	(1,1,2132,8,53),
	(1,1,3470,6,126),
	(1,1,2649,1,116),
	(1,1,1935,1,29),
	(1,1,2587,4,100),
	(1,1,384,9,33),
	(1,1,2788,2,37),
	(1,1,2105,6,31),
	(1,1,457,6,56),
	(1,1,209,2,61),
	(1,1,503,7,109),
	(1,1,1719,7,61),
	(1,1,3190,9,49),
	(1,1,3354,5,10),
	(1,1,2126,5,81),
	(1,1,24,2,20),
	(1,1,631,3,16),
	(1,1,1870,9,39),
	(1,1,139,1,52),
	(1,1,603,6,82),
	(1,1,3921,1,80),
	(1,1,325,5,106),
	(1,1,2903,5,64),
	(1,1,840,9,96),
	(1,1,2290,1,110),
	(1,1,1225,5,32),
	(1,1,3668,3,26),
	(1,1,1881,4,23),
	(1,1,66,4,111),
	(1,1,687,1,125),
	(1,1,2307,2,12),
	(1,1,3219,2,118),
	(1,1,4020,1,10),
	(1,1,762,2,73),
	(1,1,1447,4,69),
	(1,1,477,6,86),
	(1,1,635,7,116),
	(1,1,2623,9,73),
	(1,1,3833,1,111),
	(1,1,3782,3,60),
	(1,1,1066,5,94),
	(1,1,3811,7,122),
	(1,1,4067,4,40),
	(1,1,2884,9,62),
	(1,1,3085,3,19),
	(1,1,1445,1,69),
	(1,1,2175,4,108),
	(1,1,1088,9,27),
	(1,1,2126,2,127),
	(1,1,755,3,67),
	(1,1,2100,6,57),
	(1,1,1911,1,111),
	(1,1,3609,7,37),
	(1,1,3658,2,24),
	(1,1,3917,4,43),
	(1,1,2529,9,92),
	(1,1,3366,5,105),
	(1,1,3152,3,39),
	(1,1,2564,8,38),
	(1,1,4101,8,8),
	(1,1,3779,8,67),
	(1,1,279,8,46),
	(1,1,1096,6,122),
	(1,1,3228,7,3),
	(1,1,3473,9,38),
	(1,1,1249,3,77),
	(1,1,2621,7,84),
	(1,1,1219,8,52),
	(1,1,3874,4,9),
	(1,1,3725,6,126),
	(1,1,2708,8,125),
	(1,1,3330,2,86),
	(1,1,771,3,59),
	(1,1,3700,3,84),
	(1,1,2188,8,87),
	(1,1,1097,1,37),
	(1,1,3951,6,25),
	(1,1,2517,3,107),
	(1,1,861,2,33),
	(1,1,3078,5,46),
	(1,1,2926,7,81),
	(1,1,2853,1,113),
	(1,1,2414,6,111),
	(1,1,1917,6,115),
	(1,1,4110,3,108),
	(1,1,59,9,17),
	(1,1,184,6,37),
	(1,1,4133,8,80),
	(1,1,9,3,80),
	(1,1,990,3,22),
	(1,1,2611,9,51),
	(1,1,1856,5,98),
	(1,1,58,4,9),
	(1,1,2143,4,108),
	(1,1,2733,8,66),
	(1,1,1081,5,113),
	(1,1,1691,5,11),
	(1,1,139,8,1),
	(1,1,528,4,56),
	(1,1,3591,9,116),
	(1,1,4136,9,67),
	(1,1,2614,5,118),
	(1,1,1125,1,25),
	(1,1,3637,5,31),
	(1,1,2527,9,40),
	(1,1,2792,8,123),
	(1,1,2288,8,10),
	(1,1,3177,9,12),
	(1,1,707,6,77),
	(1,1,511,4,10),
	(1,1,2858,2,51),
	(1,1,933,6,47),
	(1,1,348,9,74),
	(1,1,4122,6,105),
	(1,1,4186,4,39),
	(1,1,591,1,113),
	(1,1,3251,2,29),
	(1,1,2892,9,30),
	(1,1,4018,2,42),
	(1,1,3603,3,27),
	(1,1,984,9,11),
	(1,1,3902,7,34),
	(1,1,3650,9,52),
	(1,1,4010,9,89),
	(1,1,3948,3,102),
	(1,1,1374,8,124),
	(1,1,2257,4,73),
	(1,1,2968,7,41),
	(1,1,284,1,39),
	(1,1,4096,6,2),
	(1,1,492,2,53),
	(1,1,253,3,48),
	(1,1,3282,4,13),
	(1,1,293,3,38),
	(1,1,590,5,41),
	(1,1,3884,5,42),
	(1,1,2288,7,20),
	(1,1,3240,3,28),
	(1,1,2263,5,18),
	(1,1,3280,7,108),
	(1,1,1426,3,77),
	(1,1,3111,4,27),
	(1,1,1753,8,96),
	(1,1,1346,1,4),
	(1,1,3393,7,105),
	(1,1,1603,5,64),
	(1,1,3022,7,79),
	(1,1,1585,8,116),
	(1,1,2057,8,16),
	(1,1,2563,8,99),
	(1,1,2573,7,53),
	(1,1,678,7,81),
	(1,1,4159,1,58),
	(1,1,3731,8,82),
	(1,1,2732,6,103),
	(1,1,385,5,30),
	(1,1,703,2,3),
	(1,1,4172,6,92),
	(1,1,1753,7,66),
	(1,1,3556,7,30),
	(1,1,882,2,71),
	(1,1,3920,3,11),
	(1,1,2300,9,53),
	(1,1,320,7,87),
	(1,1,3112,3,100),
	(1,1,1842,1,24),
	(1,1,4022,4,98),
	(1,1,3633,7,20),
	(1,1,3071,6,78),
	(1,1,2287,3,116),
	(1,1,2874,2,27),
	(1,1,225,1,30),
	(1,1,2366,2,88),
	(1,1,986,3,74),
	(1,1,1015,5,26),
	(1,1,813,5,114),
	(1,1,4095,3,65),
	(1,1,3829,1,39),
	(1,1,3153,8,36),
	(1,1,732,4,41),
	(1,1,642,9,80),
	(1,1,1616,2,123),
	(1,1,2663,5,126),
	(1,1,526,8,127),
	(1,1,915,6,30),
	(1,1,774,6,123),
	(1,1,3626,1,38),
	(1,1,861,8,60),
	(1,1,2824,9,57),
	(1,1,2780,8,54),
	(1,1,372,1,85),
	(1,1,2784,7,96),
	(1,1,3366,8,5),
	(1,1,3115,8,114),
	(1,1,1856,2,118),
	(1,1,1027,8,31),
	(1,1,2365,7,65),
	(1,1,2253,6,2),
	(1,1,1874,4,19),
	(1,1,805,2,37),
	(1,1,796,7,7),
	(1,1,2105,2,39),
	(1,1,1875,1,101),
	(1,1,4113,3,23),
	(1,1,1801,8,67),
	(1,1,3743,3,6),
	(1,1,3914,7,23),
	(1,1,4129,7,38),
	(1,1,1071,6,16),
	(1,1,3259,9,123),
	(1,1,2306,5,88),
	(1,1,2908,4,34),
	(1,1,1131,8,18),
	(1,1,347,5,85),
	(1,1,1977,1,73),
	(1,1,767,2,92),
	(1,1,2440,8,116),
	(1,1,2116,5,101),
	(1,1,3096,1,60),
	(1,1,2897,1,115),
	(1,1,3652,9,38),
	(1,1,3789,6,77),
	(1,1,2321,8,120),
	(1,1,213,3,53),
	(1,1,3873,4,31),
	(1,1,2260,8,46),
	(1,1,2973,8,92),
	(1,1,1950,9,112),
	(1,1,3611,3,10),
	(1,1,2407,8,60),
	(1,1,2472,3,91),
	(1,1,2671,8,18),
	(1,1,3516,1,117),
	(1,1,1656,6,8),
	(1,1,1723,6,44),
	(1,1,2389,6,65),
	(1,1,3352,2,106),
	(1,1,540,3,110),
	(1,1,455,5,60),
	(1,1,142,7,13),
	(1,1,2670,3,80),
	(1,1,757,4,17),
	(1,1,3435,6,61),
	(1,1,139,7,10),
	(1,1,1808,5,60),
	(1,1,153,2,59),
	(1,1,2110,4,124),
	(1,1,112,5,67),
	(1,1,2127,8,56),
	(1,1,4068,8,116),
	(1,1,1546,3,12),
	(1,1,2261,1,23),
	(1,1,3816,4,86),
	(1,1,3406,2,71),
	(1,1,3502,9,24),
	(1,1,2264,4,87),
	(1,1,1008,1,107),
	(1,1,43,6,78),
	(1,1,2236,3,12),
	(1,1,2119,5,6),
	(1,1,2351,7,40),
	(1,1,3826,9,107),
	(1,1,3110,1,81),
	(1,1,3960,4,98),
	(1,1,3906,7,54),
	(1,1,1444,6,124),
	(1,1,342,7,16),
	(1,1,1512,7,2),
	(1,1,1243,9,83),
	(1,1,1230,8,87),
	(1,1,2830,5,121),
	(1,1,2563,7,87),
	(1,1,4068,2,89),
	(1,1,2900,2,99),
	(1,1,64,3,107),
	(1,1,3077,5,25),
	(1,1,4194,1,67),
	(1,1,2238,7,40),
	(1,1,1097,3,86),
	(1,1,3246,7,89),
	(1,1,339,8,57),
	(1,1,3260,6,4),
	(1,1,3503,1,92),
	(1,1,2707,8,65),
	(1,1,1215,4,71),
	(1,1,1742,5,119),
	(1,1,3765,2,59),
	(1,1,1202,9,126),
	(1,1,2625,6,69),
	(1,1,3994,7,50),
	(1,1,2841,5,31),
	(1,1,3312,5,32),
	(1,1,1957,8,26),
	(1,1,511,7,99),
	(1,1,2155,6,17),
	(1,1,2159,2,1),
	(1,1,2971,9,7),
	(1,1,1368,5,117),
	(1,1,340,8,111),
	(1,1,2664,2,45),
	(1,1,1840,4,118),
	(1,1,653,8,17),
	(1,1,63,1,24),
	(1,1,4093,2,28),
	(1,1,1844,5,87),
	(1,1,1110,4,119),
	(1,1,1532,5,85),
	(1,1,2705,6,40),
	(1,1,3590,1,64),
	(1,1,2639,3,118),
	(1,1,2675,8,89),
	(1,1,4016,2,64),
	(1,1,3197,7,73),
	(1,1,3442,2,38),
	(1,1,3285,2,35),
	(1,1,1313,7,49),
	(1,1,1181,2,53),
	(1,1,2800,6,68),
	(1,1,1130,4,79),
	(1,1,606,7,37),
	(1,1,1446,3,47),
	(1,1,3372,2,114),
	(1,1,3252,9,120),
	(1,1,2162,3,67),
	(1,1,2394,6,112),
	(1,1,1933,4,33),
	(1,1,2841,7,86),
	(1,1,1183,6,75),
	(1,1,3742,6,99),
	(1,1,1245,4,1),
	(1,1,3484,3,110),
	(1,1,2125,4,54),
	(1,1,1162,1,13),
	(1,1,149,7,13),
	(1,1,3632,9,117),
	(1,1,1366,9,91),
	(1,1,1017,4,51),
	(1,1,2545,2,84),
	(1,1,576,7,16),
	(1,1,3215,7,8),
	(1,1,3356,5,99),
	(1,1,1238,4,24),
	(1,1,3083,2,46),
	(1,1,194,1,119),
	(1,1,4002,1,23),
	(1,1,2166,3,100),
	(1,1,3889,8,93),
	(1,1,3063,8,15),
	(1,1,2810,1,110),
	(1,1,3755,7,90),
	(1,1,1191,4,23),
	(1,1,2761,6,117),
	(1,1,3798,8,54),
	(1,1,1350,7,79),
	(1,1,1192,9,111),
	(1,1,1354,8,63),
	(1,1,1901,2,69),
	(1,1,838,2,52),
	(1,1,4042,3,71),
	(1,1,393,2,29),
	(1,1,390,9,39),
	(1,1,605,5,62),
	(1,1,326,2,23),
	(1,1,1170,7,49),
	(1,1,2585,9,125),
	(1,1,309,4,19),
	(1,1,1252,4,1),
	(1,1,3069,9,1),
	(1,1,3344,8,64),
	(1,1,3066,6,106),
	(1,1,2411,4,57),
	(1,1,3774,8,53),
	(1,1,1101,7,54),
	(1,1,3738,1,48),
	(1,1,3186,6,39),
	(1,1,523,1,121),
	(1,1,1421,6,62),
	(1,1,2393,8,101),
	(1,1,3805,6,48),
	(1,1,2759,9,7),
	(1,1,4089,1,82),
	(1,1,2329,3,43),
	(1,1,546,3,85),
	(1,1,3987,9,114),
	(1,1,1046,6,99),
	(1,1,1706,2,13),
	(1,1,201,9,125),
	(1,1,3615,1,31),
	(1,1,2984,9,54),
	(1,1,4155,9,45),
	(1,1,1750,4,113),
	(1,1,878,6,73),
	(1,1,2150,9,112),
	(1,1,769,3,9),
	(1,1,2423,6,113),
	(1,1,118,8,13),
	(1,1,2716,3,79),
	(1,1,1235,4,105),
	(1,1,4152,1,109),
	(1,1,675,2,83),
	(1,1,4075,2,5),
	(1,1,2666,4,38),
	(1,1,1679,4,17),
	(1,1,3523,8,58),
	(1,1,1621,1,13),
	(1,1,2280,4,20),
	(1,1,3445,7,88),
	(1,1,4154,5,23),
	(1,1,2555,2,14),
	(1,1,3905,3,70),
	(1,1,1459,1,8),
	(1,1,493,9,76),
	(1,1,440,7,71),
	(1,1,3586,8,31),
	(1,1,774,8,21),
	(1,1,802,4,82),
	(1,1,1945,1,114),
	(1,1,3739,3,47),
	(1,1,4030,1,122),
	(1,1,1287,5,99),
	(1,1,1825,6,83),
	(1,1,3328,2,82),
	(1,1,573,9,60),
	(1,1,2004,8,64),
	(1,1,359,7,42),
	(1,1,1195,1,95),
	(1,1,2547,3,84),
	(1,1,1589,2,72),
	(1,1,2225,6,87),
	(1,1,1888,1,89),
	(1,1,3484,7,106),
	(1,1,2269,4,71),
	(1,1,985,9,122),
	(1,1,638,2,23),
	(1,1,3466,8,74),
	(1,1,3598,1,124),
	(1,1,2680,2,84),
	(1,1,651,1,45),
	(1,1,504,1,59),
	(1,1,2148,8,110),
	(1,1,762,3,44),
	(1,1,1137,8,48),
	(1,1,3602,6,49),
	(1,1,2752,8,29),
	(1,1,2295,2,74),
	(1,1,372,3,60),
	(1,1,3760,2,60),
	(1,1,1418,7,105),
	(1,1,2673,7,110),
	(1,1,1035,8,63),
	(1,1,1122,4,21),
	(1,1,4069,9,12),
	(1,1,2515,9,2),
	(1,1,971,7,100),
	(1,1,2081,9,34),
	(1,1,852,9,62),
	(1,1,1540,8,78),
	(1,1,3993,1,117),
	(1,1,3955,8,79),
	(1,1,3540,7,89),
	(1,1,1890,5,89),
	(1,1,4134,9,96),
	(1,1,211,7,80),
	(1,1,3768,9,42),
	(1,1,952,9,45),
	(1,1,2114,4,71),
	(1,1,3421,4,113),
	(1,1,584,8,114),
	(1,1,1524,9,45),
	(1,1,2926,2,3),
	(1,1,1031,6,103),
	(1,1,242,7,25),
	(1,1,706,5,120),
	(1,1,501,4,18),
	(1,1,1740,7,32),
	(1,1,3100,3,85),
	(1,1,440,8,49),
	(1,1,1333,4,100),
	(1,1,2541,6,56),
	(1,1,4169,7,59),
	(1,1,3795,6,101),
	(1,1,4059,6,57),
	(1,1,2576,8,17),
	(1,1,3690,2,61),
	(1,1,1070,1,123),
	(1,1,3979,6,51),
	(1,1,1140,8,17),
	(1,1,274,1,82),
	(1,1,466,9,2),
	(1,1,119,1,53),
	(1,1,3576,7,38),
	(1,1,4048,3,126),
	(1,1,2317,1,112),
	(1,1,3478,1,125),
	(1,1,2528,5,97),
	(1,1,588,2,40),
	(1,1,2603,7,106),
	(1,1,45,4,47),
	(1,1,597,8,116),
	(1,1,1101,2,94),
	(1,1,956,3,112),
	(1,1,4198,8,87),
	(1,1,1130,5,49),
	(1,1,814,4,84),
	(1,1,831,9,36),
	(1,1,3204,7,90),
	(1,1,1143,9,37),
	(1,1,1864,1,65),
	(1,1,3062,2,68),
	(1,1,3455,5,29),
	(1,1,2405,4,19),
	(1,1,3187,7,73),
	(1,1,1785,2,113),
	(1,1,3879,7,3),
	(1,1,1778,7,24),
	(1,1,1449,4,29),
	(1,1,250,3,125),
	(1,1,905,8,84),
	(1,1,3293,5,85),
	(1,1,3838,7,28),
	(1,1,2319,3,113),
	(1,1,722,5,46),
	(1,1,3505,2,3),
	(1,1,1178,4,19),
	(1,1,3944,9,90),
	(1,1,3700,1,43),
	(1,1,1021,2,113),
	(1,1,2259,6,11),
	(1,1,552,3,21),
	(1,1,3059,9,43),
	(1,1,2632,3,75),
	(1,1,3064,8,65),
	(1,1,2150,2,27),
	(1,1,1541,7,10),
	(1,1,3181,2,53),
	(1,1,1820,8,99),
	(1,1,3140,6,66),
	(1,1,2679,2,76),
	(1,1,4125,5,114),
	(1,1,3779,6,49),
	(1,1,2371,1,47),
	(1,1,2775,2,57),
	(1,1,1612,5,121),
	(1,1,667,9,5),
	(1,1,3565,2,82),
	(1,1,1267,8,96),
	(1,1,1644,4,34),
	(1,1,3207,7,52),
	(1,1,1154,6,106),
	(1,1,3840,7,102),
	(1,1,738,1,49),
	(1,1,1052,2,72),
	(1,1,3567,8,6),
	(1,1,2983,3,64),
	(1,1,970,9,16),
	(1,1,2560,7,60),
	(1,1,1559,9,91),
	(1,1,455,9,8),
	(1,1,48,7,123),
	(1,1,2996,1,85),
	(1,1,3454,2,116),
	(1,1,1310,3,74),
	(1,1,2875,4,50),
	(1,1,2234,6,23),
	(1,1,3400,5,107),
	(1,1,681,4,75),
	(1,1,146,3,111),
	(1,1,3056,3,12),
	(1,1,1641,4,80),
	(1,1,2957,2,109),
	(1,1,1370,6,28),
	(1,1,1490,4,91),
	(1,1,3455,1,89),
	(1,1,2335,4,70),
	(1,1,1879,9,56),
	(1,1,2927,4,110),
	(1,1,432,3,107),
	(1,1,2846,3,122),
	(1,1,3569,6,43),
	(1,1,1313,5,101),
	(1,1,3736,2,13),
	(1,1,1729,9,104),
	(1,1,1426,4,51),
	(1,1,2353,9,1),
	(1,1,1338,7,37),
	(1,1,3777,5,84),
	(1,1,2866,5,90),
	(1,1,229,9,126),
	(1,1,3122,2,42),
	(1,1,718,3,69),
	(1,1,1211,8,120),
	(1,1,3294,9,90),
	(1,1,3660,3,20),
	(1,1,143,2,80),
	(1,1,488,6,33),
	(1,1,1218,8,57),
	(1,1,1897,5,54),
	(1,1,1791,9,36),
	(1,1,3272,1,20),
	(1,1,268,8,124),
	(1,1,2041,6,7),
	(1,1,1885,8,103),
	(1,1,559,7,64),
	(1,1,2619,4,3),
	(1,1,111,1,122),
	(1,1,1476,2,87),
	(1,1,2627,6,5),
	(1,1,1355,1,68),
	(1,1,75,7,94),
	(1,1,3055,5,97),
	(1,1,1183,2,17),
	(1,1,1133,6,50),
	(1,1,37,6,55),
	(1,1,981,8,32),
	(1,1,400,5,111),
	(1,1,2044,4,65),
	(1,1,3080,5,122),
	(1,1,3238,6,112),
	(1,1,3512,8,116),
	(1,1,3331,4,63),
	(1,1,3412,2,116),
	(1,1,756,7,100),
	(1,1,976,9,3),
	(1,1,66,3,85),
	(1,1,2700,9,90),
	(1,1,3304,9,13),
	(1,1,2470,2,46),
	(1,1,1035,7,78),
	(1,1,345,4,31),
	(1,1,3394,8,83),
	(1,1,2802,2,77),
	(1,1,642,7,113),
	(1,1,2806,4,24),
	(1,1,758,8,54),
	(1,1,220,4,91),
	(1,1,2263,1,43),
	(1,1,2127,5,13),
	(1,1,1992,1,54),
	(1,1,12,1,105),
	(1,1,2691,9,119),
	(1,1,4024,6,80),
	(1,1,794,2,120),
	(1,1,1193,6,25),
	(1,1,2172,2,73),
	(1,1,3432,8,78),
	(1,1,3603,1,65),
	(1,1,91,9,34),
	(1,1,2892,5,85),
	(1,1,3095,1,51),
	(1,1,1861,9,40),
	(1,1,4177,2,95),
	(1,1,3497,1,102),
	(1,1,472,7,75),
	(1,1,1080,5,87),
	(1,1,2377,4,125),
	(1,1,3736,7,99),
	(1,1,1679,3,79),
	(1,1,3257,3,17),
	(1,1,4192,1,89),
	(1,1,167,6,80),
	(1,1,118,2,51),
	(1,1,2341,8,108),
	(1,1,3274,8,73),
	(1,1,299,4,18),
	(1,1,1378,6,33),
	(1,1,3942,2,13),
	(1,1,169,9,16),
	(1,1,3291,5,126),
	(1,1,1650,9,11),
	(1,1,261,2,72),
	(1,1,2244,2,75),
	(1,1,119,5,1),
	(1,1,1226,9,66),
	(1,1,132,9,76),
	(1,1,2895,1,30),
	(1,1,521,3,3),
	(1,1,965,6,39),
	(1,1,2667,8,83),
	(1,1,3276,8,73),
	(1,1,2725,1,16),
	(1,1,532,6,83),
	(1,1,2925,2,32),
	(1,1,334,7,110),
	(1,1,24,5,107),
	(1,1,2752,1,117),
	(1,1,1973,8,115),
	(1,1,174,8,19),
	(1,1,2241,3,118),
	(1,1,3534,7,118),
	(1,1,3469,3,52),
	(1,1,1187,9,38),
	(1,1,3915,7,93),
	(1,1,887,2,51),
	(1,1,2860,2,74),
	(1,1,1053,7,12),
	(1,1,3003,3,109),
	(1,1,3254,4,22),
	(1,1,1996,8,39),
	(1,1,2300,3,109),
	(1,1,2169,2,111),
	(1,1,2250,5,21),
	(1,1,586,9,126),
	(1,1,2257,2,25),
	(1,1,2656,2,26),
	(1,1,583,2,2),
	(1,1,2969,2,116),
	(1,1,2073,2,67),
	(1,1,312,6,60),
	(1,1,4006,6,126),
	(1,1,3812,9,46),
	(1,1,3664,4,118),
	(1,1,690,5,32),
	(1,1,887,9,3),
	(1,1,66,2,43),
	(1,1,1184,3,121),
	(1,1,1488,1,86),
	(1,1,4034,8,82),
	(1,1,2647,3,113),
	(1,1,2328,1,29),
	(1,1,612,6,78),
	(1,1,1286,7,8),
	(1,1,20,9,40),
	(1,1,3417,1,70),
	(1,1,1645,6,48),
	(1,1,1649,3,123),
	(1,1,2641,9,31),
	(1,1,3058,7,97),
	(1,1,1196,5,108),
	(1,1,2857,6,103),
	(1,1,3247,7,101),
	(1,1,3012,6,89),
	(1,1,4042,8,103),
	(1,1,2212,5,87),
	(1,1,3939,5,120),
	(1,1,1532,3,104),
	(1,1,1360,3,37),
	(1,1,3250,6,35),
	(1,1,1073,3,79),
	(1,1,238,2,19),
	(1,1,1646,9,10),
	(1,1,3188,1,39),
	(1,1,2554,9,91),
	(1,1,3580,4,87),
	(1,1,721,6,116),
	(1,1,427,3,73),
	(1,1,1266,9,104),
	(1,1,336,1,19),
	(1,1,636,3,90),
	(1,1,2606,9,91),
	(1,1,552,6,69),
	(1,1,2715,7,26),
	(1,1,4068,1,13),
	(1,1,483,5,21),
	(1,1,3207,2,105),
	(1,1,2771,6,116),
	(1,1,2203,7,39),
	(1,1,3382,4,101),
	(1,1,823,5,115),
	(1,1,1047,7,37),
	(1,1,3246,2,8),
	(1,1,1,7,60),
	(1,1,3813,2,27),
	(1,1,1923,7,11),
	(1,1,1580,2,8),
	(1,1,1438,7,32),
	(1,1,3310,2,124),
	(1,1,892,1,42),
	(1,1,1422,7,40),
	(1,1,1009,2,34),
	(1,1,4071,8,109),
	(1,1,2070,5,121),
	(1,1,2824,4,111),
	(1,1,3236,4,28),
	(1,1,3534,5,70),
	(1,1,1119,4,63),
	(1,1,2701,4,18),
	(1,1,903,3,3),
	(1,1,1629,7,62),
	(1,1,759,1,28),
	(1,1,1436,3,2),
	(1,1,2322,1,66),
	(1,1,1192,3,64),
	(1,1,2661,9,68),
	(1,1,2224,3,64),
	(1,1,2320,2,7),
	(1,1,3981,8,53),
	(1,1,506,2,107),
	(1,1,3312,3,26),
	(1,1,3208,7,68),
	(1,1,42,7,41),
	(1,1,2901,1,61),
	(1,1,2152,6,40),
	(1,1,1605,9,110),
	(1,1,473,4,39),
	(1,1,13,1,1),
	(1,1,1756,3,100),
	(1,1,2014,2,1),
	(1,1,2886,5,102),
	(1,1,3585,7,46),
	(1,1,2125,8,122),
	(1,1,1205,5,12),
	(1,1,496,5,37),
	(1,1,790,5,52),
	(1,1,3236,6,111),
	(1,1,3962,3,111),
	(1,1,2422,3,78),
	(1,1,593,1,120),
	(1,1,2915,1,10),
	(1,1,457,4,38),
	(1,1,464,7,107),
	(1,1,690,2,115),
	(1,1,2760,1,99),
	(1,1,3410,7,53),
	(1,1,2598,5,17),
	(1,1,4112,2,15),
	(1,1,3863,7,44),
	(1,1,300,5,61),
	(1,1,417,9,34),
	(1,1,2280,1,21),
	(1,1,151,2,63),
	(1,1,2895,7,11),
	(1,1,2831,7,116),
	(1,1,2836,1,13),
	(1,1,1416,6,113),
	(1,1,1235,6,34),
	(1,1,3224,5,35),
	(1,1,748,1,78),
	(1,1,811,9,75),
	(1,1,1744,1,103),
	(1,1,65,6,48),
	(1,1,2306,7,31),
	(1,1,1557,8,17);


INSERT INTO OrderDetail (order_id, shop_id, product_id, supplier_id, qty) 
VALUES
	(1,1,3423,5,1),
	(1,1,3091,2,26),
	(1,1,2717,5,48),
	(1,1,1519,3,47),
	(1,1,1034,9,27),
	(1,1,1188,1,122),
	(1,1,3252,3,12),
	(1,1,2448,2,100),
	(1,1,1409,2,52),
	(1,1,3578,2,67),
	(1,1,2846,5,101),
	(1,1,1365,6,80),
	(1,1,3838,5,17),
	(1,1,1907,6,37),
	(1,1,3610,5,13),
	(1,1,3204,2,41),
	(1,1,1056,1,29),
	(1,1,2110,9,41),
	(1,1,3403,4,117),
	(1,1,3431,9,92),
	(1,1,150,6,48),
	(1,1,2954,2,2),
	(1,1,3888,9,2),
	(1,1,4093,3,74),
	(1,1,3539,9,38),
	(1,1,601,9,56),
	(1,1,2970,1,124),
	(1,1,2517,4,57),
	(1,1,3513,7,63),
	(1,1,2600,4,77),
	(1,1,401,8,51),
	(1,1,1866,3,50),
	(1,1,3959,2,3),
	(1,1,3601,7,20),
	(1,1,385,1,98),
	(1,1,2036,7,47),
	(1,1,1655,8,23),
	(1,1,275,2,25),
	(1,1,1409,5,45),
	(1,1,308,2,62),
	(1,1,3615,9,123),
	(1,1,2219,5,65),
	(1,1,14,7,93),
	(1,1,3717,9,22),
	(1,1,3185,9,66),
	(1,1,3124,6,124),
	(1,1,2572,8,59),
	(1,1,2715,8,31),
	(1,1,3157,6,61),
	(1,1,1577,4,113),
	(1,1,83,4,102),
	(1,1,2053,8,39),
	(1,1,989,3,121),
	(1,1,3735,7,107),
	(1,1,2518,6,105),
	(1,1,2844,3,93),
	(1,1,2665,1,51),
	(1,1,1716,9,55),
	(1,1,2329,6,107),
	(1,1,2384,4,105),
	(1,1,3618,3,16),
	(1,1,3079,1,116),
	(1,1,2647,1,11),
	(1,1,2001,4,88),
	(1,1,534,4,13),
	(1,1,298,9,8),
	(1,1,1476,4,98),
	(1,1,3524,8,13),
	(1,1,2121,3,96),
	(1,1,1195,5,75),
	(1,1,2257,3,98),
	(1,1,1298,6,111),
	(1,1,2029,4,124),
	(1,1,2866,2,31),
	(1,1,447,1,22),
	(1,1,2644,5,66),
	(1,1,2453,8,41),
	(1,1,1234,2,110),
	(1,1,2310,6,49),
	(1,1,1128,8,27),
	(1,1,2685,9,58),
	(1,1,2059,6,33),
	(1,1,2384,7,69),
	(1,1,1934,7,116),
	(1,1,664,7,125),
	(1,1,2374,9,3),
	(1,1,1071,5,11),
	(1,1,1975,6,33),
	(1,1,3398,8,81),
	(1,1,773,6,77),
	(1,1,1148,4,6),
	(1,1,343,8,116),
	(1,1,4149,1,6),
	(1,1,2809,7,125),
	(1,1,2077,6,89),
	(1,1,3472,8,3),
	(1,1,85,9,31),
	(1,1,2947,9,92),
	(1,1,3363,4,15),
	(1,1,3171,2,95),
	(1,1,3674,9,35),
	(1,1,1355,2,94),
	(1,1,3001,5,91),
	(1,1,676,2,38),
	(1,1,1214,5,97),
	(1,1,1552,8,84),
	(1,1,3578,6,56),
	(1,1,1664,6,39),
	(1,1,3800,3,121),
	(1,1,825,8,9),
	(1,1,732,5,62),
	(1,1,2758,5,40),
	(1,1,1620,2,2),
	(1,1,2531,2,113),
	(1,1,2050,4,24),
	(1,1,1910,5,2),
	(1,1,3863,8,78),
	(1,1,84,8,28),
	(1,1,2622,7,113),
	(1,1,1348,9,48),
	(1,1,1307,9,127),
	(1,1,3287,3,23),
	(1,1,1893,9,28),
	(1,1,1004,3,17),
	(1,1,3078,6,6),
	(1,1,381,3,52),
	(1,1,3691,5,32),
	(1,1,3202,5,126),
	(1,1,2763,1,107),
	(1,1,1255,9,89),
	(1,1,1821,7,54),
	(1,1,1526,8,91),
	(1,1,3107,3,94),
	(1,1,262,6,36),
	(1,1,273,3,104),
	(1,1,3157,8,121),
	(1,1,4017,2,104),
	(1,1,1701,2,46),
	(1,1,3024,9,124),
	(1,1,4019,6,125),
	(1,1,2503,6,110),
	(1,1,1550,2,107),
	(1,1,661,2,27),
	(1,1,4159,5,92),
	(1,1,3878,1,29),
	(1,1,1925,7,105),
	(1,1,1304,6,14),
	(1,1,3336,8,2),
	(1,1,4127,6,91),
	(1,1,616,5,51),
	(1,1,3111,1,85),
	(1,1,1010,1,35),
	(1,1,314,9,15),
	(1,1,2896,4,74),
	(1,1,3747,7,62),
	(1,1,3692,5,5),
	(1,1,1711,8,14),
	(1,1,953,3,127),
	(1,1,440,6,34),
	(1,1,2548,5,101),
	(1,1,1657,3,48),
	(1,1,1104,1,114),
	(1,1,3776,3,47),
	(1,1,3813,7,11),
	(1,1,304,8,95),
	(1,1,1569,4,53),
	(1,1,2300,6,5),
	(1,1,776,6,112),
	(1,1,3763,3,19),
	(1,1,3513,6,44),
	(1,1,3416,6,8),
	(1,1,1087,2,29),
	(1,1,2365,8,8),
	(1,1,2496,2,81),
	(1,1,3909,9,6),
	(1,1,3781,2,114),
	(1,1,1727,5,42),
	(1,1,4096,8,124),
	(1,1,3503,2,103),
	(1,1,1589,6,105),
	(1,1,178,3,79),
	(1,1,3222,7,61),
	(1,1,660,7,76),
	(1,1,3105,2,15),
	(1,1,2603,5,9),
	(1,1,2227,7,8),
	(1,1,96,2,108),
	(1,1,1211,2,112),
	(1,1,734,7,118),
	(1,1,3834,7,67),
	(1,1,1854,8,58),
	(1,1,4036,7,34),
	(1,1,2691,1,53),
	(1,1,1661,5,57),
	(1,1,337,3,102),
	(1,1,1238,1,50),
	(1,1,394,8,7),
	(1,1,4128,2,82),
	(1,1,659,2,40),
	(1,1,1437,6,27),
	(1,1,2201,2,106),
	(1,1,596,5,99),
	(1,1,527,2,33),
	(1,1,1693,7,102),
	(1,1,611,8,31),
	(1,1,3436,3,50),
	(1,1,4162,6,19),
	(1,1,2117,7,31),
	(1,1,2197,8,65),
	(1,1,3492,5,71),
	(1,1,1200,4,68),
	(1,1,448,4,82),
	(1,1,2967,1,107),
	(1,1,3403,7,23),
	(1,1,728,3,100),
	(1,1,3870,8,5),
	(1,1,458,2,17),
	(1,1,1969,6,112),
	(1,1,1786,5,105),
	(1,1,3627,3,76),
	(1,1,493,7,60),
	(1,1,3284,1,35),
	(1,1,3176,5,26),
	(1,1,4000,3,112),
	(1,1,1965,1,118),
	(1,1,1834,3,31),
	(1,1,507,2,4),
	(1,1,3446,2,43),
	(1,1,1816,1,6),
	(1,1,2905,3,112),
	(1,1,2224,1,78),
	(1,1,3011,2,108),
	(1,1,3379,3,126),
	(1,1,1599,8,81),
	(1,1,3978,6,49),
	(1,1,304,9,65),
	(1,1,3381,4,112),
	(1,1,3898,7,72),
	(1,1,825,2,33),
	(1,1,2233,4,4),
	(1,1,3243,1,33),
	(1,1,2412,8,52),
	(1,1,1819,3,56),
	(1,1,2690,7,106),
	(1,1,1836,8,85),
	(1,1,2718,8,97),
	(1,1,2911,3,21),
	(1,1,986,7,106),
	(1,1,849,1,77),
	(1,1,4148,8,14),
	(1,1,1514,1,106),
	(1,1,554,2,105),
	(1,1,3225,7,44),
	(1,1,4179,9,111),
	(1,1,3601,3,71),
	(1,1,3175,2,104),
	(1,1,223,3,55),
	(1,1,1863,1,32),
	(1,1,2016,1,112),
	(1,1,2888,8,109),
	(1,1,3207,3,8),
	(1,1,727,4,21),
	(1,1,4053,9,9),
	(1,1,2734,8,102),
	(1,1,509,4,13),
	(1,1,634,7,43),
	(1,1,130,6,110),
	(1,1,1855,8,95),
	(1,1,2679,3,43),
	(1,1,3677,7,95),
	(1,1,1312,5,68),
	(1,1,1113,6,60),
	(1,1,56,1,52),
	(1,1,2933,8,37),
	(1,1,769,9,45),
	(1,1,3619,5,15),
	(1,1,2746,9,46),
	(1,1,1108,5,121),
	(1,1,3024,4,120),
	(1,1,1827,6,46),
	(1,1,961,1,31),
	(1,1,2271,2,15),
	(1,1,1840,7,14),
	(1,1,3283,9,53),
	(1,1,651,3,88),
	(1,1,675,6,44),
	(1,1,1895,5,18),
	(1,1,1450,2,2),
	(1,1,4162,3,10),
	(1,1,1906,6,29),
	(1,1,3571,1,90),
	(1,1,1567,3,33),
	(1,1,3400,8,107),
	(1,1,30,7,78),
	(1,1,4152,8,88),
	(1,1,3016,2,96),
	(1,1,3061,4,24),
	(1,1,1551,4,94),
	(1,1,1819,2,81),
	(1,1,3826,4,1),
	(1,1,2664,7,32),
	(1,1,1019,3,104),
	(1,1,2061,3,57),
	(1,1,988,3,99),
	(1,1,754,4,49),
	(1,1,2486,8,89),
	(1,1,2955,4,66),
	(1,1,2863,1,87),
	(1,1,2481,5,35),
	(1,1,1964,9,82),
	(1,1,3926,5,76),
	(1,1,745,3,41),
	(1,1,3316,2,126),
	(1,1,3659,1,17),
	(1,1,1762,9,97),
	(1,1,2251,5,45),
	(1,1,1569,7,18),
	(1,1,3058,8,112),
	(1,1,786,6,27),
	(1,1,2090,5,34),
	(1,1,2782,3,58),
	(1,1,1794,6,73),
	(1,1,3417,6,105),
	(1,1,2252,7,104),
	(1,1,145,2,109),
	(1,1,189,9,54),
	(1,1,1363,9,25),
	(1,1,621,5,60),
	(1,1,2332,4,7),
	(1,1,1455,2,97),
	(1,1,3419,7,80),
	(1,1,927,5,118),
	(1,1,1077,5,36),
	(1,1,2160,5,74),
	(1,1,1936,8,98),
	(1,1,2661,7,97),
	(1,1,1325,5,85),
	(1,1,2357,1,26),
	(1,1,1046,4,113),
	(1,1,2455,8,41),
	(1,1,2687,3,68),
	(1,1,102,8,75),
	(1,1,2765,5,88),
	(1,1,1482,9,84),
	(1,1,2714,9,17),
	(1,1,886,1,15),
	(1,1,2145,2,29),
	(1,1,3975,2,24),
	(1,1,3402,4,79),
	(1,1,2362,4,109),
	(1,1,1716,2,32),
	(1,1,140,3,114),
	(1,1,3953,9,5),
	(1,1,1274,6,122),
	(1,1,866,7,127),
	(1,1,1869,7,112),
	(1,1,1258,3,25),
	(1,1,3250,1,44),
	(1,1,2059,1,50),
	(1,1,1807,6,90),
	(1,1,2071,5,6),
	(1,1,3176,7,120),
	(1,1,2466,4,104),
	(1,1,1899,7,89),
	(1,1,3076,6,71),
	(1,1,1256,1,110),
	(1,1,97,7,1),
	(1,1,1302,2,18),
	(1,1,991,8,100),
	(1,1,1685,4,52),
	(1,1,989,4,35),
	(1,1,3432,3,62),
	(1,1,3581,1,95),
	(1,1,1670,9,18),
	(1,1,1085,3,1),
	(1,1,1396,9,74),
	(1,1,2637,5,114),
	(1,1,1618,8,99),
	(1,1,3377,6,56),
	(1,1,1969,8,10),
	(1,1,1151,8,70),
	(1,1,2516,4,116),
	(1,1,901,9,17),
	(1,1,296,7,115),
	(1,1,1624,8,106),
	(1,1,243,4,42),
	(1,1,4112,4,62),
	(1,1,1302,7,2),
	(1,1,2035,5,117),
	(1,1,1514,8,33),
	(1,1,3752,5,56),
	(1,1,2657,4,73),
	(1,1,1694,1,86),
	(1,1,3746,9,114),
	(1,1,3463,8,38),
	(1,1,1512,6,123),
	(1,1,793,8,66),
	(1,1,3719,8,56),
	(1,1,768,4,21),
	(1,1,990,1,92),
	(1,1,1769,4,52),
	(1,1,2856,9,106),
	(1,1,145,6,21),
	(1,1,1170,4,53),
	(1,1,1624,1,122),
	(1,1,4108,2,105),
	(1,1,3858,4,81),
	(1,1,1736,5,127),
	(1,1,170,7,29),
	(1,1,3786,9,112),
	(1,1,691,5,119),
	(1,1,1739,8,3),
	(1,1,2978,6,34),
	(1,1,2371,6,125),
	(1,1,257,4,96),
	(1,1,375,5,127),
	(1,1,2286,9,112),
	(1,1,2160,7,47),
	(1,1,1241,2,95),
	(1,1,152,7,29),
	(1,1,3796,4,64),
	(1,1,2435,1,50),
	(1,1,2136,2,72),
	(1,1,983,6,119),
	(1,1,938,2,53),
	(1,1,3151,3,59),
	(1,1,276,9,56),
	(1,1,3148,7,36),
	(1,1,1792,5,35),
	(1,1,346,2,12),
	(1,1,57,1,69),
	(1,1,2148,3,115),
	(1,1,3355,7,113),
	(1,1,2923,6,80),
	(1,1,2872,3,113),
	(1,1,1149,3,102),
	(1,1,1750,7,25),
	(1,1,2140,8,123),
	(1,1,446,4,28),
	(1,1,3372,6,38),
	(1,1,2393,5,77),
	(1,1,4135,3,87),
	(1,1,4075,8,82),
	(1,1,270,3,21),
	(1,1,2435,9,8),
	(1,1,3773,3,113),
	(1,1,2359,7,112),
	(1,1,1547,6,51),
	(1,1,2747,2,75),
	(1,1,1035,2,126),
	(1,1,2326,8,78),
	(1,1,723,9,34),
	(1,1,3268,5,16),
	(1,1,797,4,93),
	(1,1,1109,9,60),
	(1,1,135,8,79),
	(1,1,1603,4,72),
	(1,1,1678,4,115),
	(1,1,260,4,76),
	(1,1,804,1,74),
	(1,1,1201,9,61),
	(1,1,2048,4,30),
	(1,1,4028,2,70),
	(1,1,297,9,125),
	(1,1,1703,7,96),
	(1,1,1595,5,70),
	(1,1,1090,7,54),
	(1,1,2357,5,122),
	(1,1,4055,5,28),
	(1,1,2786,6,92),
	(1,1,3757,1,93),
	(1,1,709,1,6),
	(1,1,2938,1,40),
	(1,1,2713,1,27),
	(1,1,485,9,96),
	(1,1,2156,8,50),
	(1,1,228,5,32),
	(1,1,3989,3,109),
	(1,1,4049,1,107),
	(1,1,4058,6,43),
	(1,1,2737,4,96),
	(1,1,298,5,115),
	(1,1,546,5,23),
	(1,1,3693,5,26),
	(1,1,3415,9,74),
	(1,1,1078,5,78),
	(1,1,1304,3,28),
	(1,1,1902,1,29),
	(1,1,3497,5,98),
	(1,1,781,6,42),
	(1,1,4174,6,6),
	(1,1,454,2,120),
	(1,1,429,5,104),
	(1,1,1581,4,48),
	(1,1,864,2,57),
	(1,1,2699,4,24),
	(1,1,2631,6,75),
	(1,1,1804,2,111),
	(1,1,1264,6,28),
	(1,1,574,6,126),
	(1,1,3672,4,86),
	(1,1,282,4,100),
	(1,1,904,2,70),
	(1,1,4178,3,78),
	(1,1,2397,3,108),
	(1,1,1077,4,16),
	(1,1,3116,8,43),
	(1,1,1920,1,122),
	(1,1,1616,3,74),
	(1,1,1270,6,66),
	(1,1,3455,8,87),
	(1,1,2170,5,47),
	(1,1,1207,9,46),
	(1,1,537,7,9),
	(1,1,1482,3,127),
	(1,1,2410,6,66),
	(1,1,2071,2,41),
	(1,1,2357,4,45),
	(1,1,198,9,81),
	(1,1,3026,9,100),
	(1,1,1839,9,101),
	(1,1,835,7,94),
	(1,1,4174,2,80),
	(1,1,1045,2,126),
	(1,1,2899,6,3),
	(1,1,1244,8,51),
	(1,1,2,2,107),
	(1,1,4065,9,77),
	(1,1,3772,7,63),
	(1,1,1957,2,40),
	(1,1,2908,9,25),
	(1,1,951,5,126),
	(1,1,2291,8,1),
	(1,1,3150,1,87),
	(1,1,679,9,85),
	(1,1,607,2,82),
	(1,1,818,3,50),
	(1,1,3879,1,18),
	(1,1,3536,2,109),
	(1,1,1845,5,66),
	(1,1,2244,5,126),
	(1,1,2215,8,69),
	(1,1,1824,1,15),
	(1,1,2046,5,104),
	(1,1,1202,3,14),
	(1,1,998,7,33),
	(1,1,2899,1,18),
	(1,1,810,4,121),
	(1,1,1060,3,66),
	(1,1,1019,1,98),
	(1,1,1292,8,37),
	(1,1,1124,8,84),
	(1,1,3497,8,107),
	(1,1,3847,7,49),
	(1,1,452,2,70),
	(1,1,1208,8,29),
	(1,1,963,6,52),
	(1,1,1902,8,39),
	(1,1,5,4,111),
	(1,1,1119,8,47),
	(1,1,277,7,122),
	(1,1,3473,8,73),
	(1,1,1864,8,123),
	(1,1,966,7,59),
	(1,1,2119,8,125),
	(1,1,4190,2,114),
	(1,1,1943,9,110),
	(1,1,1554,3,127),
	(1,1,1741,8,34),
	(1,1,3923,2,57),
	(1,1,2695,2,76),
	(1,1,2052,4,32),
	(1,1,2632,6,105),
	(1,1,3658,7,105),
	(1,1,1341,5,82),
	(1,1,3683,6,105),
	(1,1,495,7,40),
	(1,1,458,4,43),
	(1,1,2568,9,19),
	(1,1,2679,1,30),
	(1,1,2854,6,30),
	(1,1,2759,1,26),
	(1,1,2108,1,74),
	(1,1,1986,7,43),
	(1,1,556,6,32),
	(1,1,3025,9,9),
	(1,1,351,8,64),
	(1,1,424,1,27),
	(1,1,2914,9,116),
	(1,1,1872,9,2),
	(1,1,2005,8,12),
	(1,1,3109,6,118),
	(1,1,2787,6,95),
	(1,1,1833,4,12),
	(1,1,2278,3,1),
	(1,1,1342,5,76),
	(1,1,756,8,11),
	(1,1,2324,1,94),
	(1,1,1920,3,20),
	(1,1,2231,7,28),
	(1,1,176,9,36),
	(1,1,3869,7,105),
	(1,1,1146,1,127),
	(1,1,863,8,62),
	(1,1,1282,2,90),
	(1,1,2980,1,2),
	(1,1,2708,5,38),
	(1,1,2591,5,82),
	(1,1,2502,3,56),
	(1,1,4057,1,58),
	(1,1,625,5,60),
	(1,1,381,7,99),
	(1,1,3850,7,108),
	(1,1,3383,2,33),
	(1,1,977,7,47),
	(1,1,3523,7,31),
	(1,1,4190,6,107),
	(1,1,3302,7,5),
	(1,1,1261,4,35),
	(1,1,3123,4,23),
	(1,1,2596,3,115),
	(1,1,1639,3,120),
	(1,1,125,6,90),
	(1,1,24,1,24),
	(1,1,337,4,108),
	(1,1,3396,9,98),
	(1,1,3941,5,44),
	(1,1,3448,7,103),
	(1,1,2216,5,3),
	(1,1,1641,5,73),
	(1,1,1753,3,56),
	(1,1,2576,2,3),
	(1,1,2009,1,91),
	(1,1,3564,5,77),
	(1,1,2095,4,55),
	(1,1,3206,3,6),
	(1,1,4082,4,45),
	(1,1,4125,4,33),
	(1,1,2308,6,118),
	(1,1,3919,8,16),
	(1,1,2549,8,79),
	(1,1,3682,2,12),
	(1,1,2616,7,58),
	(1,1,1756,2,8),
	(1,1,1740,8,100),
	(1,1,3090,6,80),
	(1,1,2532,7,17),
	(1,1,2875,5,1),
	(1,1,3663,4,119),
	(1,1,1158,7,52),
	(1,1,286,5,54),
	(1,1,55,4,117),
	(1,1,3526,2,21),
	(1,1,2494,6,43),
	(1,1,1601,5,95),
	(1,1,1713,7,50),
	(1,1,1751,7,48),
	(1,1,1924,4,110),
	(1,1,2467,9,94),
	(1,1,1231,3,107),
	(1,1,1402,4,73),
	(1,1,1225,8,98),
	(1,1,2896,2,115),
	(1,1,4145,9,72),
	(1,1,1541,9,99),
	(1,1,3410,8,79),
	(1,1,837,1,96),
	(1,1,3122,1,39),
	(1,1,1017,5,117),
	(1,1,3635,2,103),
	(1,1,1129,1,58),
	(1,1,3807,1,113),
	(1,1,2134,1,5),
	(1,1,3669,9,85),
	(1,1,3706,7,31),
	(1,1,2754,3,45),
	(1,1,2398,4,64),
	(1,1,479,1,25),
	(1,1,1631,8,73),
	(1,1,1275,4,48),
	(1,1,3570,1,74),
	(1,1,409,5,51),
	(1,1,2151,5,113),
	(1,1,3732,6,121),
	(1,1,4200,7,15),
	(1,1,1243,2,40),
	(1,1,1178,6,40),
	(1,1,2043,4,67),
	(1,1,792,6,74),
	(1,1,3886,2,62),
	(1,1,1038,5,77),
	(1,1,3808,1,70),
	(1,1,714,7,111),
	(1,1,2067,1,15),
	(1,1,2173,8,36),
	(1,1,421,2,44),
	(1,1,212,1,15),
	(1,1,3061,6,25),
	(1,1,2021,3,41),
	(1,1,3534,1,57),
	(1,1,553,8,70),
	(1,1,2991,2,45),
	(1,1,1749,4,33),
	(1,1,20,6,65),
	(1,1,2127,3,21),
	(1,1,55,9,55),
	(1,1,2033,4,78),
	(1,1,633,9,38),
	(1,1,499,2,44),
	(1,1,3784,6,28),
	(1,1,145,7,36),
	(1,1,491,4,117),
	(1,1,1896,5,120),
	(1,1,3273,6,80),
	(1,1,1799,2,80),
	(1,1,1734,7,119),
	(1,1,109,4,38),
	(1,1,1288,8,39),
	(1,1,1523,5,36),
	(1,1,2961,2,123),
	(1,1,3769,6,30),
	(1,1,3571,8,15);
